 165 0 77 255 92 7
 13 247 174 5 160 8
 37 4 109 250 18 8
 19 8 31 243 32 15
 249 9 193 254 227 6
 193 6 181 248 213 25
 199 242 139 255 205 241
 165 7 94 7 222 7
 70 20 101 250 240 10
 200 9 202 7 223 27
 61 225 245 6 159 18
 192 6 242 231 50 11
 82 252 92 41 111 4
 241 7 21 247 132 20
 156 251 198 13 168 7
 236 7 141 8 45 29
 9 4 128 28 244 254
 30 7 225 1 89 249
 29 2 184 246 115 232
 39 25 12 242 132 10
 1 10 110 18 170 244
 92 0 160 233 244 38
 145 5 233 245 105 23
 177 245 227 246 219 15
 3 3 108 1 67 5
 130 253 178 20 130 33
 42 233 31 253 122 9
 228 2 132 10 158 8
 209 245 225 240 26 6
 240 210 158 5 222 10
 228 11 102 6 49 1
 194 247 91 4 0 249
 100 8 173 243 2 28
 242 237 245 232 164 247
 146 232 228 235 154 246
 94 249 206 201 240 15
 236 20 53 253 232 13
 59 12 57 225 1 6
 157 216 10 255 103 6
 229 242 117 241 46 2
 194 236 95 245 43 38
 254 6 207 243 236 7
 104 236 71 233 200 30
 250 251 98 8 0 243
 33 248 10 238 218 1
 236 228 49 7 248 7
 5 24 32 22 82 27
 168 238 205 249 228 24
 206 246 153 2 11 250
 234 224 197 16 153 0
 105 254 10 222 117 21
 224 247 133 238 218 236
 206 16 54 230 44 220
 1 246 24 4 197 232
 3 225 222 221 5 250
 148 255 188 253 196 14
 169 233 100 225 160 16
 165 229 108 21 38 30
 192 18 143 3 48 14
 236 5 158 232 186 255
 109 17 43 0 108 21
 182 229 158 15 176 14
 225 236 159 252 232 4
 63 221 202 249 65 248
 133 3 59 254 38 4
 82 0 37 12 212 12
 145 237 251 25 12 4
 224 250 26 20 153 10
 182 230 31 4 255 4
 122 247 92 237 248 243
 78 13 155 244 137 221
 112 252 245 243 19 3
 158 36 141 20 42 8
 169 248 210 244 186 21
 153 252 116 12 251 11
 108 0 61 27 107 30
 10 15 217 0 221 5
 133 22 96 255 80 20
 161 27 25 18 158 28
 66 8 169 36 217 13
 8 33 202 246 184 15
 69 239 242 18 83 6
 68 250 125 228 177 37
 23 248 57 14 121 11
 101 19 125 62 247 14
 219 253 143 215 231 6
 161 246 233 4 251 9
 105 3 220 1 88 253
 171 255 34 245 109 11
 216 12 134 236 235 16
 178 10 56 248 109 16
 4 249 211 214 204 242
 9 29 35 213 104 15
 51 246 116 236 108 6
 39 10 39 15 122 21
 121 214 220 231 60 21
 76 243 77 231 31 252
 72 247 130 254 195 249
 47 254 63 221 44 9
 146 9 12 48 77 13
 69 253 245 250 248 252
 16 231 49 255 28 242
 63 252 32 243 165 4
 102 0 12 6 71 18
 202 250 167 1 225 14
 129 18 53 216 155 253
 44 251 143 12 229 27
 154 1 128 10 121 22
 220 244 234 242 75 0
 171 25 225 226 46 9
 149 252 76 25 86 247
 117 216 203 24 16 232
 24 241 94 248 3 248
 58 0 205 6 182 16
 88 12 193 252 130 17
 129 249 132 248 34 15
 12 2 4 24 180 3
 200 3 251 7 77 8
 156 245 109 233 89 3
 114 252 160 1 55 16
 45 8 219 252 119 8
 194 5 236 14 248 11
 138 37 225 4 198 242
 210 206 190 243 96 227
 160 233 102 8 67 0
 238 240 182 254 113 13
 29 2 6 235 23 16
 151 7 143 42 164 23
 144 247 221 217 135 16
 220 214 209 245 142 12
 110 1 109 0 8 20
 116 6 219 4 98 242
 21 252 8 3 19 244
 185 234 161 1 80 5
 200 245 28 237 66 13
 120 2 217 14 107 13
 177 252 68 209 24 15
 136 220 123 3 218 8
 7 7 235 250 110 24
 109 222 197 251 22 5
 166 224 220 17 190 13
 48 240 136 20 83 251
 75 10 197 252 127 251
 101 242 72 230 117 237
 46 0 205 248 212 9
 243 13 186 240 232 5
 253 231 45 7 11 14
 245 255 60 4 149 22
 32 2 255 15 36 5
 98 222 137 17 168 0
 1 230 3 252 105 2
 228 250 153 236 80 7
 121 249 177 7 210 253
 42 1 117 18 7 3
 147 6 68 0 180 10
 63 238 121 237 235 14
 209 3 50 5 163 7
 28 4 226 249 197 6
 133 238 88 214 219 8
 185 250 80 252 11 239
 20 209 255 1 234 241
 87 15 157 227 251 246
 194 0 173 43 15 248
 138 8 49 231 200 33
 179 224 24 243 32 28
 174 12 41 4 35 22
 113 250 176 235 60 12
 132 235 184 55 213 26
 191 252 214 28 216 254
 47 252 144 7 233 251
 205 246 101 4 94 253
 117 10 164 231 235 255
 233 4 141 234 195 22
 172 4 132 5 8 3
 148 232 218 252 166 15
 92 251 29 247 27 15
 139 236 72 236 183 254
 208 239 105 32 57 223
 62 11 79 238 59 11
 20 254 172 239 122 29
 149 32 58 254 125 20
 235 7 162 252 112 13
 244 21 126 9 11 22
 220 251 150 251 224 253
 63 235 72 12 236 1
 114 16 72 250 242 15
 96 3 46 253 226 12
 222 4 69 248 112 11
 160 232 78 22 157 31
 109 12 113 242 150 17
 210 17 248 225 82 23
 125 245 90 15 106 15
 90 16 186 8 21 4
 104 16 234 243 202 19
 95 247 30 227 76 12
 177 6 86 200 32 12
 70 24 68 252 0 10
 245 6 115 7 180 0
 46 2 247 254 165 20
 171 23 62 225 53 2
 241 255 206 13 164 9
 184 226 76 17 24 14
 91 18 57 7 51 249
 137 249 199 251 96 4
 232 38 128 24 85 22
 112 234 228 250 201 251
 173 236 76 1 109 252
 110 251 190 225 247 14
 25 231 114 230 123 23
 41 9 26 15 6 15
 147 243 103 249 236 9
 79 243 121 10 218 255
 40 243 71 235 188 227
 126 7 249 255 131 1
 208 24 78 14 109 22
 106 216 101 35 145 25
 203 205 31 216 55 11
 212 236 247 18 83 12
 204 8 164 4 129 237
 233 251 167 253 97 252
 26 252 128 23 88 246
 142 5 214 19 209 25
 130 30 140 14 23 15
 13 9 240 212 40 9
 77 252 132 18 89 21
 99 229 196 36 139 19
 118 20 40 219 77 24
 44 252 78 8 223 28
 125 29 205 36 169 38
 112 25 18 245 194 4
 200 242 125 5 112 8
 52 225 55 233 53 239
 109 7 179 23 95 23
 8 38 59 219 226 31
 248 249 79 3 255 29
 196 18 64 0 88 16
 109 215 32 45 227 14
 122 10 66 229 168 2
 187 10 161 253 87 3
 228 219 187 226 72 248
 158 14 185 224 94 9
 141 14 13 1 154 3
 192 250 146 246 116 18
 151 5 1 247 44 12
 161 39 236 232 164 18
 63 220 68 29 34 9
 79 253 101 201 184 14
 238 241 179 240 72 21
 238 246 169 223 71 41
 239 11 7 249 114 251
 3 249 193 222 131 12
 229 243 136 243 56 23
 67 3 202 14 148 11
 152 8 111 246 91 8
 29 9 50 230 111 19
 14 241 31 7 1 6
 224 8 138 250 94 253
 187 246 168 1 56 1
 17 247 189 10 170 233
 118 12 30 4 225 255
 141 22 167 22 116 43
 8 16 181 31 198 19
 95 233 17 232 192 7
 156 234 115 5 214 7
 10 246 205 250 142 19
 252 201 180 11 236 8
 36 235 242 26 229 17
 144 30 66 234 226 25
 7 6 207 11 43 2
 15 253 21 9 248 24
 207 2 227 4 95 3
 73 230 162 231 127 233
 180 232 93 9 243 11
 188 18 180 227 45 7
 7 29 162 243 109 9
 201 254 229 2 211 8
 99 233 174 7 191 255
 254 235 142 6 216 16
 84 12 223 27 122 22
 23 36 8 3 254 9
 193 12 57 222 170 3
 186 252 66 250 57 18
 219 255 15 21 119 237
 163 9 181 243 156 249
 108 246 241 237 103 23
 189 6 132 35 139 14
 87 220 203 248 23 25
 163 253 118 251 206 4
 240 231 73 8 209 238
 161 245 61 241 189 246
 27 237 187 249 209 6
 249 23 101 0 160 245
 251 12 161 26 195 15
 201 15 20 32 114 11
 49 253 127 30 171 20
 51 247 249 243 199 241
 194 6 215 0 191 16
 140 245 67 219 240 4
 193 232 78 19 96 1
 95 15 184 236 99 14
 33 14 124 14 153 9
 170 232 123 6 127 232
 77 245 6 248 145 1
 205 23 200 233 152 253
 223 8 148 254 193 37
 85 220 204 241 18 2
 105 1 149 247 220 30
 200 247 181 4 170 249
 75 237 131 255 60 241
 112 250 146 254 12 27
 240 30 30 232 189 0
 90 230 34 51 122 25
 30 1 112 10 97 20
 68 10 100 4 224 7
 63 22 217 3 197 253
 200 21 129 238 228 13
 224 15 169 31 175 21
 11 5 22 255 52 12
 89 243 0 4 225 10
 217 250 158 250 211 248
 216 34 123 237 183 5
 168 246 198 231 24 1
 141 251 162 239 60 28
 211 0 249 223 58 28
 244 255 87 239 68 25
 22 3 146 255 111 2
 37 252 120 2 187 10
 118 34 11 237 227 6
 67 238 196 10 150 248
 201 4 241 237 215 30
 72 24 40 210 218 9
 120 252 232 226 253 8
 190 243 237 222 53 253
 95 248 88 247 210 238
 42 239 189 5 160 6
 79 2 183 10 81 9
 42 12 194 3 5 21
 173 249 168 234 6 251
 89 29 249 30 77 16
 183 242 154 243 125 36
 37 249 43 229 179 9
 3 25 151 7 168 9
 159 5 140 244 22 13
 66 233 104 30 0 7
 208 234 128 17 217 253
 140 243 125 251 143 8
 42 235 53 253 26 2
 23 213 89 28 107 12
 158 247 197 25 138 15
 83 31 25 227 178 255
 92 236 62 14 29 20
 20 12 151 8 8 19
 97 3 32 217 31 31
 91 251 87 250 164 12
 137 246 172 28 13 4
 28 6 212 40 80 20
 137 217 235 43 113 14
 252 22 223 13 49 3
 91 247 34 232 40 27
 76 3 209 253 48 0
 152 6 144 4 231 248
 221 247 230 25 147 243
 213 1 236 27 147 14
 101 239 82 250 153 4
 99 26 254 222 87 18
 21 231 80 14 57 4
 57 7 98 11 69 255
 224 12 201 13 104 6
 136 239 221 15 216 6
 236 9 150 47 164 14
 168 11 46 255 239 3
 69 52 1 13 13 22
 135 39 159 251 250 19
 69 26 221 242 94 20
 93 252 33 33 215 19
 124 7 31 30 163 7
 69 14 143 244 6 241
 247 247 115 249 193 240
 135 248 8 62 240 4
 204 17 61 46 168 26
 242 240 207 242 89 7
 105 219 10 216 157 254
 181 25 255 7 11 253
 178 20 164 237 213 252
 97 7 82 245 21 2
 35 4 105 245 122 27
 117 225 152 227 212 29
 80 3 60 19 19 5
 111 244 228 10 157 2
 59 6 181 240 23 0
 58 0 138 236 208 6
 243 233 86 253 205 33
 208 251 232 243 106 24
 254 233 195 4 245 20
 141 240 183 2 254 251
 128 252 238 202 82 255
 94 2 21 211 195 33
 246 244 138 253 254 20
 59 254 163 48 138 19
 220 246 171 1 126 6
 181 8 78 50 189 12
 88 255 128 8 137 1
 41 24 84 254 58 21
 101 16 43 24 4 9
 47 245 85 18 38 16
 76 10 228 6 115 2
 224 18 227 6 44 233
 249 249 177 26 42 28
 72 244 189 26 46 11
 27 9 212 237 20 44
 45 32 50 7 176 9
 96 12 237 215 151 17
 131 227 47 6 7 240
 43 1 159 8 81 254
 193 223 122 51 194 15
 14 254 244 16 130 5
 54 240 37 16 120 30
 185 12 21 17 195 9
 34 227 192 253 90 1
 200 252 181 18 85 254
 129 240 92 12 102 2
 21 19 146 246 144 10
 195 4 163 26 20 16
 123 2 106 14 70 5
 235 17 40 68 240 7
 72 251 100 251 88 2
 44 228 191 237 59 251
 220 253 32 235 138 14
 190 248 202 7 252 19
 87 233 32 246 242 12
 5 214 216 8 213 252
 212 243 125 251 27 251
 106 246 126 10 83 249
 249 8 232 244 41 20
 126 234 49 224 40 27
 169 242 52 255 129 41
 117 251 37 37 210 253
 177 235 221 16 31 15
 235 228 53 25 183 251
 58 9 250 19 5 16
 106 14 136 209 73 3
 241 253 239 255 93 250
 94 2 99 11 42 253
 215 11 249 245 40 2
 187 28 169 215 29 255
 110 212 189 243 216 32
 62 19 107 209 120 4
 26 242 205 2 126 4
 173 3 62 233 92 247
 172 244 181 8 108 234
 232 0 159 246 41 254
 74 253 7 5 188 1
 150 3 240 244 80 251
 47 42 156 227 44 18
 239 246 223 8 212 250
 37 238 49 248 23 252
 194 0 86 250 108 11
 188 16 222 238 90 7
 204 220 37 33 89 5
 122 242 117 23 137 5
 211 240 43 13 46 243
 250 4 148 1 240 11
 222 19 29 222 143 21
 158 25 59 3 212 8
 131 36 25 39 178 3
 217 35 204 226 156 2
 95 242 75 7 233 0
 37 7 46 6 151 16
 238 255 150 254 130 17
 98 238 249 23 117 29
 234 8 131 30 107 11
 113 30 175 244 130 22
 225 253 131 251 180 9
 179 10 175 216 229 27
 155 10 243 255 165 244
 128 245 245 238 236 243
 181 17 131 17 79 246
 20 248 88 51 147 252
 126 255 91 239 32 14
 233 9 76 247 229 24
 93 20 81 211 20 18
 188 227 171 78 150 248
 7 245 114 30 73 0
 39 6 50 244 36 13
 60 238 16 253 91 4
 174 248 109 247 164 11
 151 2 137 247 244 25
 129 21 203 253 121 22
 81 13 254 246 237 26
 30 43 51 2 15 6
 174 245 59 213 0 31
 175 243 140 6 63 9
 84 7 230 254 1 15
 8 5 35 242 252 6
 223 20 44 5 235 9
 161 6 226 253 52 35
 1 242 101 228 186 12
 18 4 193 242 134 231
 234 4 243 247 229 243
 90 7 65 251 147 14
 12 243 69 41 120 28
 212 12 235 255 82 22
 154 11 95 7 158 6
 219 238 66 254 88 1
 154 20 196 226 71 17
 125 17 71 14 149 4
 198 232 179 18 129 17
 207 231 153 238 211 242
 248 248 183 23 76 253
 178 248 164 20 1 3
 47 0 12 33 244 6
 191 253 213 255 59 31
 135 204 112 26 178 246
 45 233 247 233 5 5
 18 249 129 210 192 22
 40 254 45 18 184 29
 105 31 11 240 93 14
 8 4 9 4 89 253
 228 239 97 249 74 252
 64 237 250 6 28 246
 233 10 145 253 177 3
 243 44 246 250 101 28
 238 253 64 33 166 9
 47 236 140 14 149 252
 61 243 251 251 23 8
 50 7 220 7 241 255
 194 19 116 231 102 15
 177 30 46 14 85 5
 75 236 77 238 175 6
 166 22 147 20 34 254
 154 12 196 248 104 15
 230 11 107 246 119 33
 212 242 53 248 218 9
 238 237 121 8 220 1
 21 15 191 236 164 16
 84 0 232 231 243 4
 221 20 187 18 31 10
 249 244 243 239 170 6
 48 237 146 15 217 10
 151 12 113 238 46 19
 160 13 181 246 172 14
 83 26 71 52 36 252
 161 240 123 44 11 235
 140 3 210 7 177 248
 36 11 68 0 129 7
 204 20 35 14 188 26
 235 253 241 239 107 8
 66 18 127 243 235 5
 180 246 91 246 107 247
 112 237 156 248 150 5
 16 232 112 239 0 2
 221 20 120 248 138 5
 123 22 166 20 12 241
 6 239 27 5 188 1
 151 246 173 249 53 14
 202 253 238 253 113 31
 16 246 129 251 110 11
 32 216 172 254 223 17
 59 243 149 244 66 255
 199 246 78 244 172 25
 26 228 1 38 46 255
 235 6 22 19 60 236
 163 22 60 227 92 8
 117 245 212 242 92 8
 160 11 238 45 175 12
 33 233 153 11 83 236
 77 8 92 248 24 239
 255 232 210 248 128 250
 85 46 56 15 245 17
 132 247 118 48 138 34
 83 254 82 3 238 21
 16 5 211 245 92 23
 23 9 73 29 0 33
 88 229 33 13 209 6
 126 244 179 244 144 4
 67 248 105 31 9 242
 230 9 37 253 203 7
 176 223 67 249 84 15
 57 231 27 16 180 245
 193 245 221 11 215 252
 171 234 9 249 48 13
 221 13 38 252 10 6
 110 13 236 247 225 1
 251 241 227 49 223 250
 120 250 226 2 143 20
 113 237 183 5 155 4
 174 248 172 0 234 11
 39 3 216 253 198 254
 220 11 90 233 43 250
 179 9 192 26 200 2
 1 19 76 17 238 11
 33 219 100 13 88 3
 137 12 225 225 118 12
 52 247 86 6 204 18
 133 228 168 235 106 16
 8 248 206 47 123 248
 94 240 117 1 192 235
 26 3 130 4 15 0
 133 36 33 5 79 24
 212 30 161 245 73 11
 92 1 214 243 250 8
 184 251 252 201 28 37
 74 9 205 1 119 11
 242 252 80 14 55 4
 6 233 133 20 13 250
 42 12 209 237 113 17
 183 42 84 12 131 11
 93 29 253 6 105 253
 183 245 133 217 121 242
 106 226 41 1 56 8
 174 253 183 240 244 15
 68 0 27 245 33 22
 144 252 81 246 169 4
 164 254 230 228 196 22
 116 253 240 225 129 255
 62 251 18 255 155 1
 167 234 190 9 78 239
 204 1 222 221 86 14
 42 33 14 231 218 19
 231 8 216 6 170 1
 174 250 9 234 35 3
 96 237 169 5 205 9
 164 255 66 234 100 28
 6 238 168 241 22 4
 135 247 74 36 116 242
 211 17 210 6 22 8
 251 9 168 234 68 31
 65 0 139 7 115 246
 122 9 137 244 193 13
 130 17 97 245 223 18
 17 251 189 37 242 18
 199 232 162 9 236 222
 33 5 250 215 181 255
 195 1 78 247 83 6
 86 252 150 17 0 252
 139 36 17 246 22 5
 87 6 73 247 240 9
 72 239 64 6 203 9
 218 17 180 34 121 27
 72 252 206 5 129 0
 130 249 38 35 10 12
 185 233 139 235 0 26
 52 239 118 23 161 12
 61 5 80 0 201 22
 217 9 56 245 157 19
 244 6 228 5 42 21
 223 231 181 14 87 8
 92 6 107 253 222 9
 126 241 112 222 31 8
 128 246 226 63 91 255
 40 248 69 21 201 28
 152 245 129 19 18 3
 121 7 221 22 82 17
 87 14 115 251 28 12
 157 21 26 243 24 235
 235 251 99 19 92 13
 175 26 52 12 194 10
 115 238 218 13 94 5
 244 9 117 244 51 247
 247 243 10 6 253 17
 131 15 112 1 246 47
 202 8 130 6 103 6
 154 252 229 17 234 25
 125 249 247 230 117 9
 106 9 74 248 216 4
 228 19 152 233 102 3
 21 239 208 3 36 244
 27 249 211 23 162 1
 120 7 15 237 221 11
 253 245 136 231 74 14
 47 27 210 220 117 255
 37 254 23 25 84 4
 68 255 106 8 65 23
 244 255 225 240 140 8
 156 253 65 249 182 15
 156 21 90 244 142 28
 171 17 191 249 217 29
 114 240 215 8 72 0
 36 254 215 1 136 230
 178 245 24 6 151 17
 132 4 88 14 159 20
 218 8 12 16 19 9
 154 2 90 39 16 11
 192 18 81 1 132 22
 23 21 94 235 170 30
 35 246 217 16 206 255
 140 250 181 249 91 252
 165 32 112 254 11 20
 68 254 69 251 148 14
 30 7 135 254 40 5
 238 14 52 4 167 15
 214 12 118 0 44 7
 161 216 77 1 49 240
 143 3 100 3 159 238
 76 239 147 12 253 254
 51 19 97 247 32 31
 225 241 69 245 94 239
 81 253 152 17 51 14
 74 25 125 10 46 29
 178 25 226 11 91 4
 77 228 5 253 9 13
 67 5 152 244 107 15
 209 226 82 7 22 12
 138 22 99 240 177 255
 99 0 252 239 77 3
 145 240 53 23 203 248
 112 227 19 240 20 9
 110 224 222 2 51 3
 107 219 128 0 216 250
 97 7 51 26 206 252
 62 241 125 248 132 6
 184 236 108 255 150 240
 226 46 204 0 194 22
 167 237 103 34 68 6
 175 254 251 24 214 247
 89 222 52 17 241 233
 177 19 146 13 9 0
 246 10 239 254 143 2
 94 20 241 6 86 250
 21 16 202 53 102 5
 11 246 49 16 40 20
 93 253 43 250 154 22
 53 0 3 224 46 2
 135 237 121 236 76 6
 41 248 226 16 174 15
 208 17 135 254 68 13
 81 255 32 241 15 4
 27 9 42 234 216 27
 73 24 220 252 205 37
 147 3 16 12 168 251
 121 244 188 245 67 20
 65 25 248 2 230 22
 9 31 100 233 71 24
 59 7 211 2 135 250
 186 233 50 17 170 12
 122 19 2 33 12 33
 130 233 154 0 132 6
 157 4 4 7 147 242
 120 233 152 23 122 19
 155 17 131 227 69 5
 101 3 139 250 61 5
 59 9 98 6 61 246
 111 18 27 22 142 22
 103 22 101 0 250 8
 43 238 115 7 179 247
 198 245 150 212 249 251
 186 252 140 233 156 252
 131 0 195 177 232 9
 228 242 137 12 210 247
 150 24 81 14 50 26
 43 249 235 1 161 3
 230 3 211 243 142 4
 234 242 176 223 46 7
 187 40 235 242 179 33
 22 244 111 6 7 246
 4 21 128 246 211 255
 208 13 221 4 25 24
 80 244 49 247 49 21
 173 241 95 7 132 23
 90 248 133 240 50 4
 129 8 36 218 4 7
 233 245 81 1 159 10
 242 18 202 218 140 19
 0 239 122 17 199 19
 248 243 140 28 81 11
 9 241 183 20 244 234
 253 233 102 250 241 248
 235 13 64 246 220 2
 182 255 188 14 35 245
 84 22 215 11 255 231
 146 11 48 39 125 19
 10 234 70 9 198 243
 232 236 184 1 234 242
 199 20 215 0 47 2
 249 19 190 230 32 33
 138 9 110 21 88 243
 74 15 112 21 8 3
 135 255 123 255 138 14
 211 244 38 18 91 11
 90 9 200 7 150 10
 75 225 96 19 193 28
 78 233 229 228 229 18
 60 255 234 243 236 12
 65 199 133 5 2 14
 236 2 249 255 128 29
 65 250 196 255 37 6
 175 9 80 247 253 230
 238 23 168 0 135 6
 104 14 93 221 93 21
 13 245 43 16 105 242
 119 8 195 250 155 11
 53 253 170 3 176 21
 214 26 84 4 98 4
 113 253 105 252 212 6
 16 8 14 12 167 2
 20 255 110 9 223 31
 208 7 108 245 223 243
 221 3 13 255 47 6
 236 10 26 197 27 243
 138 254 75 255 42 6
 144 245 170 241 152 11
 192 0 58 18 240 238
 105 2 219 253 130 20
 86 4 232 193 236 4
 206 245 54 19 56 247
 11 5 74 242 13 30
 52 245 149 230 4 21
 107 232 197 24 76 14
 79 248 121 20 20 249
 98 243 89 254 69 13
 41 246 253 246 34 252
 26 5 0 232 227 252
 164 14 75 23 226 21
 69 8 35 243 22 24
 0 250 179 12 158 235
 220 40 224 252 109 15
 20 23 241 250 118 3
 209 229 190 69 234 240
 66 19 59 212 228 1
 62 255 239 249 10 4
 75 255 207 9 5 239
 116 11 172 252 49 30
 202 214 135 227 100 12
 62 235 1 242 63 18
 116 5 34 11 206 15
 122 229 22 4 28 23
 38 10 206 29 240 236
 35 49 156 227 167 23
 191 249 209 23 0 15
 123 4 126 0 205 2
 120 13 170 198 29 34
 162 242 220 221 241 12
 240 5 5 184 61 20
 210 207 32 250 37 16
 253 236 17 237 179 16
 236 0 143 232 232 9
 37 7 215 236 99 9
 130 10 101 251 151 18
 193 22 61 253 82 1
 59 55 235 254 233 15
 116 254 240 14 239 239
 230 20 212 247 87 15
 199 7 73 253 163 3
 235 244 78 20 35 19
 166 13 200 244 153 14
 198 4 49 234 25 252
 247 2 204 252 185 255
 11 25 230 16 240 234
 221 22 203 45 9 21
 83 34 237 227 149 18
 174 28 165 235 161 244
 14 16 22 231 228 1
 199 16 66 226 211 7
 101 247 221 16 88 5
 129 14 28 250 166 14
 212 43 144 250 64 252
 248 1 87 14 32 233
 163 3 8 6 19 247
 194 234 39 17 39 17
 197 11 70 178 50 26
 93 13 181 2 129 253
 188 249 70 2 151 2
 2 32 72 35 129 17
 238 247 128 15 141 11
 226 10 109 9 69 2
 141 0 164 5 44 10
 174 11 91 252 51 8
 24 30 105 219 57 34
 236 36 166 212 118 21
 39 239 75 242 66 255
 131 8 251 245 233 233
 247 18 253 6 50 15
 156 250 136 250 24 2
 151 229 20 29 11 237
 210 15 234 229 250 11
 122 243 173 249 110 243
 234 3 217 5 72 241
 192 3 228 10 40 8
 138 4 158 29 169 6
 176 231 6 252 28 243
 237 36 101 18 28 14
 150 255 244 237 251 11
 130 246 174 231 68 6
 31 2 244 31 124 17
 124 245 148 19 141 0
 13 250 0 231 127 1
 199 17 62 243 152 9
 88 30 205 5 204 14
 240 253 112 36 167 4
 209 28 122 207 161 7
 117 3 5 13 59 28
 58 253 92 254 85 11
 125 7 191 21 127 4
 215 251 138 245 51 28
 255 253 119 239 102 13
 187 247 21 1 146 246
 57 8 225 4 59 6
 101 205 192 20 121 18
 179 42 184 255 72 25
 21 248 57 235 190 16
 104 3 237 18 173 1
 27 237 86 227 142 14
 230 5 125 10 17 16
 56 238 143 5 92 31
 90 244 239 12 16 21
 238 238 97 16 131 14
 149 241 153 19 234 30
 161 19 109 252 5 241
 23 1 246 13 223 14
 162 16 59 218 119 247
 143 17 15 37 121 5
 14 229 58 3 67 20
 242 254 185 250 153 235
 222 235 157 215 24 8
 35 233 136 12 201 0
 167 239 192 245 69 254
 88 34 157 235 145 21
 35 245 221 255 204 0
 44 11 75 241 183 10
 28 242 57 19 143 29
 131 239 27 35 179 1
 101 229 184 228 1 10
 23 251 14 217 165 255
 250 21 169 2 80 6
 27 19 138 249 199 2
 43 252 130 1 160 246
 119 235 243 244 146 252
 125 255 72 42 55 21
 209 229 169 246 227 9
 124 17 177 214 229 247
 214 26 37 4 95 18
 197 236 82 16 218 11
 173 227 178 4 41 4
 252 29 70 250 2 19
 47 3 39 15 154 238
 34 9 65 219 21 0
 70 27 198 28 144 20
 17 242 183 249 33 248
 62 13 57 236 75 11
 58 6 231 244 163 12
 137 17 9 233 140 233
 243 2 185 19 55 29
 225 13 86 24 187 28
 107 20 181 240 94 27
 159 0 233 230 85 38
 162 1 78 250 175 4
 44 237 42 37 0 254
 110 19 25 243 27 19
 171 12 204 16 113 21
 87 2 198 30 124 7
 24 247 90 238 28 22
 201 211 253 21 128 17
 26 210 174 15 164 255
 4 234 179 251 123 7
 108 249 161 4 8 2
 202 254 255 5 135 229
 233 1 113 211 87 25
 189 225 105 8 172 253
 227 235 143 229 204 252
 23 22 129 6 164 26
 49 244 64 243 16 241
 233 5 144 2 199 3
 163 254 73 234 17 249
 10 248 17 7 187 244
 143 233 228 30 200 255
 151 242 241 250 231 8
 46 223 73 23 83 0
 228 0 178 16 104 28
 57 11 169 255 8 17
 221 13 254 236 221 8
 251 252 150 245 171 24
 38 255 92 14 169 2
 189 235 255 251 230 0
 84 22 144 1 203 255
 151 1 187 242 165 2
 59 5 208 252 152 5
 143 245 49 18 11 6
 14 23 243 14 118 8
 247 26 154 226 172 20
 102 252 68 13 247 249
 85 249 140 6 172 1
 155 20 176 212 176 17
 11 2 38 29 180 247
 233 238 140 28 131 239
 88 250 44 0 24 9
 22 16 253 10 230 11
 216 223 231 32 216 236
 249 8 71 254 221 9
 239 255 207 9 156 235
 83 7 238 11 59 255
 162 253 144 254 183 34
 39 19 174 229 223 9
 243 230 18 226 182 27
 169 250 166 235 34 255
 145 244 133 242 29 240
 85 17 116 7 220 20
 72 8 41 28 175 16
 250 18 42 53 96 0
 191 245 67 12 77 10
 178 245 112 16 53 229
 169 51 127 232 37 36
 78 24 183 242 12 27
 27 229 101 31 148 19
 155 238 24 22 247 19
 104 9 70 12 193 16
 171 8 11 244 104 253
 116 221 64 6 140 7
 142 224 153 16 191 242
 29 2 133 226 88 246
 121 24 28 47 67 5
 184 19 3 7 208 18
 165 224 196 220 79 253
 49 4 69 243 201 6
 61 208 5 250 206 6
 140 242 249 253 190 235
 191 229 170 14 82 32
 247 252 153 213 69 9
 46 7 228 46 238 17
 117 6 95 24 23 23
 51 14 231 237 84 13
 38 6 123 24 1 12
 180 27 255 242 40 1
 150 252 106 1 41 22
 190 13 95 3 203 25
 56 5 115 21 188 251
 1 11 253 236 106 11
 68 253 140 236 58 254
 122 18 39 9 9 24
 37 239 35 224 188 44
 87 232 19 48 234 234
 147 238 241 4 50 11
 115 238 192 9 78 2
 143 14 52 226 112 13
 66 7 130 250 7 33
 158 252 136 21 252 9
 87 241 237 20 90 3
 126 16 183 249 115 21
 245 246 40 17 151 16
 56 237 17 253 56 12
 40 0 113 13 235 6
 155 231 221 208 44 248
 187 3 114 248 139 255
 48 8 171 21 51 237
 58 240 234 246 43 15
 10 14 227 245 187 11
 240 7 255 21 161 5
 2 238 181 252 98 8
 6 34 139 15 233 7
 70 12 176 21 153 9
 134 243 87 10 80 12
 156 1 22 11 25 1
 180 11 71 228 91 255
 142 236 71 4 150 26
 242 229 151 232 158 236
 22 31 41 253 55 30
 141 230 198 43 10 2
 57 232 150 2 106 27
 189 253 85 236 151 1
 171 241 42 3 58 236
 181 33 129 23 16 24
 181 12 184 246 184 254
 12 250 173 244 32 252
 33 247 144 15 18 20
 57 18 54 253 249 24
 92 24 186 14 158 242
 145 250 175 239 216 13
 104 6 87 241 98 250
 25 16 31 24 235 254
 205 2 107 255 79 3
 139 27 25 23 141 4
 145 12 70 16 4 22
 152 249 255 19 237 17
 66 0 231 248 19 25
 195 28 100 239 147 4
 72 250 67 3 71 248
 59 35 130 6 82 27
 85 251 231 232 15 14
 7 27 225 37 177 19
 208 233 142 21 45 11
 152 247 98 3 250 2
 24 15 61 8 12 16
 179 248 63 241 230 16
 50 223 16 239 218 7
 30 255 77 246 7 2
 85 234 7 5 20 1
 211 21 114 246 129 34
 42 231 250 51 83 26
 22 247 181 243 128 12
 150 243 22 251 202 18
 31 19 253 234 224 20
 247 3 13 8 89 16
 201 7 133 23 247 17
 82 10 139 228 46 16
 127 55 59 5 102 25
 159 251 137 26 207 238
 212 230 181 20 136 252
 35 241 188 221 202 33
 70 9 143 4 254 19
 51 228 201 7 114 0
 61 213 119 11 71 246
 93 25 142 252 49 3
 159 250 200 201 208 23
 197 17 139 236 163 20
 202 253 201 51 199 18
 154 16 148 22 252 4
 83 233 1 5 123 226
 239 240 32 6 203 12
 243 237 105 226 104 251
 47 2 63 0 218 11
 128 233 17 239 135 0
 212 247 221 201 4 231
 51 225 245 255 178 9
 84 244 245 1 141 244
 207 247 245 255 242 17
 67 16 224 238 95 19
 156 240 24 230 163 231
 39 16 118 45 165 2
 179 245 172 246 240 245
 168 14 135 5 209 255
 145 39 94 17 201 17
 156 5 192 255 104 3
 105 5 222 251 145 17
 191 246 168 238 106 30
 121 3 0 35 17 20
 73 0 45 214 150 251
 42 254 187 254 188 13
 248 204 37 34 98 2
 97 1 94 3 135 250
 66 9 108 237 87 14
 94 18 136 12 23 4
 76 19 122 213 100 24
 104 10 48 195 154 27
 251 210 59 16 47 8
 26 228 48 247 227 31
 4 210 184 19 6 239
 66 252 3 28 14 24
 11 247 207 211 82 12
 27 235 121 239 111 8
 85 2 30 9 69 28
 87 249 201 6 125 13
 97 1 218 239 193 17
 0 57 138 193 17 5
 189 10 99 24 55 255
 63 5 26 242 39 7
 53 239 53 239 17 251
 84 34 57 49 17 27
 184 5 30 196 39 3
 239 50 2 247 246 27
 63 251 214 7 35 15
 118 47 155 6 113 31
 19 249 154 7 103 20
 251 201 244 255 210 4
 244 35 161 16 168 15
 150 251 94 254 31 248
 126 14 139 238 221 17
 240 249 102 254 51 25
 52 238 198 20 241 239
 156 233 137 9 11 10
 176 249 86 16 52 0
 217 37 173 1 98 26
 114 237 44 223 181 254
 96 14 201 27 2 21
 62 232 49 19 250 16
 110 253 144 31 247 21
 24 254 91 18 75 249
 75 229 28 36 65 233
 109 245 191 15 81 6
 56 238 189 5 158 237
 199 8 250 21 29 9
 137 0 143 16 227 10
 244 241 75 231 174 245
 55 253 45 24 243 11
 35 16 146 23 190 26
 248 255 209 20 214 6
 247 20 98 14 134 39
 210 216 185 248 117 0
 188 20 70 243 83 40
 33 250 98 25 151 0
 204 232 115 14 252 254
 35 13 121 250 95 28
 166 243 161 243 12 250
 70 13 137 253 69 34
 195 195 12 249 28 242
 119 255 22 10 182 14
 89 1 115 249 124 18
 45 35 227 18 141 32
 22 6 146 13 102 22
 171 19 87 5 131 19
 83 2 108 232 52 6
 129 2 56 35 52 234
 168 2 99 244 82 16
 196 10 73 220 56 241
 251 14 141 11 215 40
 157 235 58 29 167 254
 68 28 213 237 197 15
 216 17 30 3 148 30
 190 217 221 248 82 228
 135 251 239 16 113 17
 158 247 170 24 231 16
 144 248 15 232 138 252
 118 233 217 246 44 21
 172 12 226 252 177 9
 16 232 67 245 65 17
 203 228 248 59 20 237
 52 0 221 5 66 10
 168 4 182 23 118 18
 124 250 255 5 153 9
 20 225 211 16 168 18
 132 248 121 6 178 250
 148 244 204 5 168 11
 210 12 55 245 255 237
 220 31 158 11 247 29
 149 225 64 250 53 21
 75 199 98 32 87 237
 16 241 224 244 255 16
 3 7 154 12 131 4
 249 251 133 13 211 253
 200 232 126 5 250 254
 1 11 54 254 235 9
 239 14 234 234 170 10
 98 210 149 246 107 247
 151 250 100 8 120 252
 5 20 52 12 229 11
 94 17 20 255 202 13
 253 225 111 231 133 252
 150 237 49 23 11 11
 136 241 12 255 167 251
 237 247 147 233 44 23
 194 24 6 212 140 2
 245 24 143 9 86 24
 243 245 235 42 252 18
 152 207 247 1 246 251
 255 241 8 5 190 2
 119 12 207 15 122 254
 202 237 99 252 240 240
 51 250 39 218 125 248
 84 1 178 243 33 38
 104 249 26 13 38 15
 73 235 70 18 253 19
 159 249 238 46 24 12
 227 11 73 255 40 19
 239 27 177 244 129 14
 253 25 94 12 239 4
 234 232 198 236 174 15
 120 247 77 19 26 0
 69 21 211 239 249 8
 239 23 236 228 20 1
 150 10 61 211 35 1
 24 10 132 6 154 2
 165 0 224 222 52 248
 208 37 185 238 221 31
 154 7 12 250 133 12
 139 20 155 209 139 21
 80 235 99 228 112 26
 118 249 206 25 87 17
 51 242 208 243 18 5
 73 0 6 2 218 25
 25 243 23 241 82 17
 20 16 201 223 0 2
 192 9 99 245 231 8
 55 7 82 1 41 8
 107 25 203 241 97 254
 220 232 11 25 151 241
 104 3 29 235 193 23
 217 240 244 3 75 251
 165 4 152 9 171 245
 227 29 211 7 174 24
 8 235 30 19 61 2
 7 17 40 7 54 17
 52 252 25 8 62 15
 209 16 246 239 198 30
 26 11 217 196 70 20
 87 250 126 248 18 8
 146 3 198 6 45 6
 188 251 45 236 160 232
 109 36 152 210 62 30
 178 252 250 234 52 8
 174 5 147 232 120 255
 223 1 181 251 202 241
 4 229 182 8 249 7
 178 6 56 223 218 9
 24 11 253 254 129 242
 128 242 13 237 114 19
 135 248 184 226 251 11
 198 22 156 247 249 22
 196 12 22 221 146 253
 104 16 128 249 247 9
 255 10 151 244 172 20
 60 227 6 219 140 4
 134 236 174 34 170 9
 195 255 219 255 84 15
 45 249 50 229 67 4
 245 23 175 13 212 1
 147 235 143 245 193 252
 252 241 115 6 7 3
 97 222 251 250 139 6
 176 252 182 43 112 12
 146 21 177 6 237 246
 188 20 188 242 192 23
 243 235 185 237 78 12
 187 17 250 243 36 5
 36 216 204 10 252 20
 26 225 214 3 196 244
 239 215 216 20 52 8
 153 233 95 224 173 1
 106 253 48 235 205 23
 155 249 211 241 202 35
 121 0 242 24 251 2
 60 237 168 241 124 23
 21 2 143 15 240 6
 223 252 87 233 199 24
 157 251 207 220 149 11
 96 7 51 219 163 17
 174 233 69 249 199 22
 172 243 252 7 109 252
 241 0 109 18 202 23
 204 33 250 40 47 4
 214 15 77 20 167 16
 121 233 236 239 42 3
 157 8 29 230 245 0
 100 254 10 0 31 12
 55 254 33 9 222 22
 226 247 238 34 29 15
 233 9 52 245 60 20
 190 242 236 18 244 15
 248 255 157 37 9 8
 148 0 90 19 99 25
 158 226 142 253 167 245
 181 18 150 26 22 252
 176 244 155 25 79 239
 17 251 85 13 96 15
 89 213 63 28 203 249
 106 28 81 225 247 5
 153 243 192 0 212 8
 93 246 63 16 237 248
 245 249 220 5 195 28
 197 228 172 253 187 17
 63 33 205 5 47 3
 7 61 90 237 89 255
 249 241 69 20 24 22
 113 23 9 0 103 7
 81 30 223 244 166 28
 32 0 160 17 130 7
 180 7 236 70 204 7
 19 229 64 30 13 22
 126 229 253 247 44 13
 12 240 235 42 244 7
 237 28 218 201 61 252
 109 12 17 246 226 21
 164 255 98 239 188 14
 150 12 9 31 108 252
 93 250 97 12 189 252
 250 247 129 18 126 252
 129 4 71 3 84 23
 86 234 205 26 249 11
 119 5 134 242 96 17
 92 242 249 235 14 7
 170 10 88 52 44 6
 176 242 112 232 238 29
 169 244 1 1 25 18
 108 2 14 13 107 11
 50 20 232 14 98 1
 54 1 77 27 169 12
 242 227 7 3 248 253
 243 21 67 247 231 20
 217 236 151 5 94 5
 220 246 23 235 151 18
 30 22 11 201 43 16
 141 204 4 25 42 248
 209 2 126 8 15 2
 29 17 81 220 141 6
 7 246 102 3 227 14
 61 3 208 9 209 235
 228 241 150 247 231 26
 54 247 84 10 218 2
 82 252 100 6 39 24
 26 12 197 212 4 12
 116 0 145 231 34 6
 78 12 182 223 38 11
 233 251 26 246 65 11
 130 252 153 243 146 8
 251 23 101 222 252 7
 120 2 198 11 165 249
 234 3 196 47 213 13
 64 252 77 10 244 8
 65 215 186 11 28 243
 209 255 147 255 182 17
 160 246 121 226 125 255
 109 17 66 232 182 28
 79 229 72 22 48 245
 96 246 58 253 98 24
 48 13 122 2 217 5
 110 13 176 227 225 11
 140 236 217 255 71 16
 159 18 55 20 113 251
 194 47 195 12 167 11
 235 213 242 225 36 243
 76 19 97 240 239 18
 51 14 242 14 230 20
 169 9 18 1 44 5
 155 234 161 253 156 23
 229 249 242 29 17 16
 44 255 117 237 48 254
 240 19 216 13 202 4
 193 34 85 253 33 237
 92 239 215 208 158 1
 150 227 232 252 25 241
 42 254 230 21 18 25
 180 19 100 248 108 21
 3 0 215 247 85 10
 100 24 111 245 195 30
 176 236 223 41 237 253
 185 218 130 249 49 37
 214 17 36 255 94 235
 248 44 195 8 72 0
 11 6 20 12 68 6
 143 13 121 247 248 38
 185 0 158 249 21 14
 113 20 92 227 173 0
 163 31 181 216 102 11
 137 20 43 9 23 27
 135 247 47 225 76 230
 81 247 30 14 246 3
 116 251 123 0 254 18
 65 10 246 2 235 11
 85 250 241 236 201 0
 130 23 192 19 221 23
 95 7 211 21 11 30
 195 12 120 237 169 10
 42 21 239 13 6 19
 241 218 48 0 119 251
 195 2 83 21 55 1
 104 2 16 35 168 14
 149 249 99 7 129 24
 61 234 102 243 8 242
 66 17 62 9 42 17
 18 242 109 29 53 253
 9 241 58 248 152 15
 199 2 0 246 240 249
 21 248 168 53 1 24
 88 9 226 207 137 4
 51 38 119 250 42 10
 252 10 139 239 33 255
 30 9 180 249 181 249
 84 236 99 217 168 250
 25 228 119 243 195 11
 16 231 250 1 199 15
 57 28 156 26 78 252
 132 240 175 0 151 14
 135 37 132 251 198 252
 51 250 246 15 194 27
 38 44 22 6 120 35
 24 236 64 3 64 235
 250 39 75 242 40 17
 57 226 35 31 26 8
 184 244 119 8 235 19
 170 223 252 25 70 5
 124 42 67 232 4 19
 27 228 72 245 210 236
 53 237 122 31 126 38
 234 250 218 227 70 236
 98 38 230 250 66 13
 56 246 106 24 242 10
 192 15 81 245 95 0
 134 255 245 234 57 19
 136 30 180 223 51 28
 48 210 103 3 114 17
 255 255 135 253 23 24
 15 243 238 225 96 251
 47 238 115 16 122 8
 104 197 232 29 102 6
 34 31 207 252 232 9
 42 248 28 17 183 4
 96 17 176 15 112 8
 250 5 155 245 211 8
 233 234 0 14 140 29
 15 248 78 242 82 21
 145 255 241 245 227 21
 212 237 228 12 136 249
 1 236 179 211 136 255
 128 246 217 39 7 253
 219 245 216 19 19 14
 44 216 204 254 120 232
 180 4 157 253 246 20
 66 17 66 230 39 231
 174 20 195 251 188 253
 186 242 200 255 137 253
 114 29 4 6 30 14
 11 25 133 198 138 4
 32 253 72 22 163 24
 122 210 104 0 160 245
 186 3 103 229 67 31
 193 250 160 236 244 250
 24 247 100 1 156 244
 62 2 234 16 227 249
 171 241 155 255 12 7
 169 35 46 28 94 251
 74 13 240 223 212 254
 210 214 165 250 129 247
 206 16 136 236 21 28
 71 2 129 0 36 245
 224 253 11 13 10 17
 220 226 224 251 40 248
 102 33 29 32 98 15
 139 238 38 230 115 255
 93 2 44 223 73 12
 104 216 148 255 156 223
 27 243 121 5 204 26
 185 252 27 201 58 9
 100 44 30 6 28 11
 222 246 243 234 200 1
 91 249 50 26 244 3
 73 31 246 239 24 9
 253 245 54 7 173 21
 191 210 113 222 219 247
 143 13 122 228 23 32
 23 253 144 206 62 255
 90 227 33 24 220 244
 82 17 100 235 6 247
 182 241 170 34 246 22
 167 239 116 25 128 4
 218 243 14 247 208 9
 21 238 98 6 198 18
 203 40 8 38 19 23
 23 7 220 1 243 21
 230 20 15 247 154 16
 236 0 84 252 39 250
 52 236 180 239 66 8
 164 2 153 231 194 4
 234 233 221 232 250 23
 63 239 192 229 192 227
 135 12 28 234 127 255
 251 247 63 225 72 249
 126 238 182 11 99 2
 128 243 10 54 118 0
 217 3 215 7 2 16
 130 7 149 200 157 12
 53 29 20 222 99 19
 190 236 22 36 214 254
 211 255 103 214 224 24
 4 253 128 5 75 12
 150 247 1 40 67 26
 144 235 129 15 104 13
 137 26 164 32 111 9
 248 16 139 221 183 2
 87 8 130 36 149 0
 240 11 36 19 97 8
 165 226 109 36 99 10
 19 17 158 224 78 229
 21 246 223 12 218 243
 158 214 171 239 37 244
 121 245 52 0 91 4
 132 8 205 5 222 20
 131 13 38 222 120 27
 96 224 163 240 15 5
 125 4 243 1 43 20
 156 252 222 183 40 7
 235 244 141 220 106 6
 137 3 218 3 150 4
 252 253 131 13 246 16
 37 255 254 13 222 4
 237 246 16 7 135 15
 230 32 148 226 186 32
 184 26 171 8 44 19
 255 3 103 252 27 20
 201 241 178 249 108 17
 8 250 125 27 239 29
 247 214 235 36 11 21
 207 221 119 38 143 4
 33 232 157 2 250 251
 124 30 147 15 122 254
 97 254 150 3 40 0
 117 251 82 5 143 250
 132 243 112 243 54 245
 119 255 163 5 66 10
 107 252 210 14 141 248
 242 8 39 10 27 5
 242 250 0 27 164 32
 4 232 253 79 158 244
 207 245 158 14 75 30
 90 249 198 230 194 9
 80 247 150 235 142 29
 12 247 209 237 17 3
 201 1 118 14 214 7
 33 19 100 38 152 39
 0 249 49 222 194 253
 227 15 63 27 146 21
 255 244 43 237 101 37
 168 249 188 255 4 8
 169 240 146 10 130 30
 152 37 122 13 140 31
 58 242 207 38 148 242
 157 240 100 25 164 243
 110 222 48 251 113 17
 91 7 238 30 113 2
 186 32 84 5 59 245
 3 240 229 253 31 16
 187 11 222 238 173 5
 188 246 64 244 43 8
 148 249 197 35 239 4
 186 58 92 212 231 23
 89 239 79 234 8 4
 255 16 82 232 75 22
 204 247 83 242 133 253
 145 246 178 20 3 5
 188 16 108 8 171 251
 155 28 94 12 89 8
 14 216 65 8 190 235
 117 6 201 248 149 28
 219 7 157 24 46 246
 150 20 240 244 199 3
 238 216 18 254 65 252
 142 3 171 42 15 12
 125 255 152 24 206 13
 29 246 164 2 45 8
 173 241 14 26 180 15
 143 255 244 24 139 18
 82 34 120 16 234 32
 210 233 148 237 52 9
 15 246 185 253 83 23
 40 252 140 241 0 18
 111 223 82 240 113 255
 207 3 44 244 136 13
 4 45 162 240 144 24
 46 10 34 4 231 19
 123 24 103 23 204 1
 39 249 37 229 253 20
 184 3 210 15 229 28
 224 11 244 7 123 245
 210 234 216 56 216 9
 241 233 118 34 161 3
 193 0 89 27 20 14
 28 233 76 7 149 244
 95 236 58 242 29 13
 56 253 136 240 140 6
 148 6 228 2 154 9
 63 248 20 8 112 224
 66 10 126 5 36 13
 205 248 216 249 242 251
 93 0 16 249 180 15
 0 228 208 14 129 6
 182 240 6 4 217 32
 36 245 140 229 227 17
 150 229 135 245 209 251
 206 254 107 15 24 255
 226 247 59 36 170 18
 190 1 94 222 47 4
 186 15 66 24 145 250
 140 222 121 32 102 15
 6 246 213 11 122 24
 163 18 202 10 116 255
 174 25 62 9 4 28
 4 16 34 184 7 10
 217 7 242 199 15 1
 236 226 245 6 245 245
 65 15 107 255 40 2
 23 14 254 208 11 16
 231 244 52 250 183 232
 50 9 155 16 183 2
 142 239 209 250 192 250
 185 7 172 11 110 8
 104 226 118 40 100 247
 144 246 142 26 52 20
 3 12 128 27 250 14
 201 241 231 10 229 17
 195 243 58 18 7 6
 196 239 186 40 39 13
 244 231 3 14 200 253
 146 3 6 248 109 7
 77 210 128 244 220 8
 165 14 81 238 23 6
 230 39 46 23 86 255
 104 253 115 217 12 18
 1 57 119 255 58 29
 209 5 99 245 52 246
 172 30 57 1 190 4
 247 254 234 4 253 3
 53 34 53 8 203 10
 206 240 73 251 128 252
 2 252 29 252 135 12
 149 0 202 227 183 1
 181 13 69 236 47 0
 58 249 168 12 178 14
 159 14 125 10 165 1
 37 14 208 249 6 6
 62 27 181 234 124 13
 191 206 40 255 211 251
 51 10 151 13 134 31
 152 239 170 239 222 22
 79 16 246 242 134 17
 54 234 34 5 187 21
 184 2 115 21 54 247
 37 44 72 255 27 12
 182 11 242 230 115 7
 120 5 105 45 171 19
 60 238 202 16 116 0
 249 3 183 24 89 27
 85 237 132 242 49 10
 14 245 73 12 12 19
 182 4 215 251 27 19
 176 227 16 0 226 237
 37 250 140 41 213 20
 185 8 0 11 162 5
 93 220 186 12 89 7
 28 246 212 3 199 239
 6 222 190 242 119 25
 119 10 183 250 70 254
 236 226 164 247 190 19
 81 29 126 249 71 1
 179 20 251 254 3 246
 189 4 140 232 207 250
 14 254 169 249 84 251
 244 27 164 255 28 24
 52 30 185 242 167 29
 87 29 109 36 77 6
 125 0 133 233 167 31
 72 6 40 195 213 242
 136 21 15 14 124 34
 76 255 175 213 119 20
 60 4 86 242 37 254
 200 236 164 250 56 250
 53 43 68 5 186 7
 100 237 143 73 240 216
 90 29 0 23 122 30
 136 26 195 235 19 9
 205 8 239 237 165 25
 99 19 250 250 24 13
 140 37 171 234 165 14
 72 20 29 251 201 24
 74 255 91 0 2 1
 102 226 78 41 20 7
 170 240 42 27 210 7
 247 5 66 55 121 3
 134 241 224 233 53 237
 210 230 171 251 189 245
 104 9 44 247 176 0
 123 18 25 234 116 27
 185 248 101 242 100 3
 71 59 102 227 198 22
 40 225 39 7 66 17
 20 17 33 243 109 20
 46 232 183 171 154 34
 235 232 129 233 213 9
 28 19 184 0 250 39
 50 255 52 229 88 3
 93 2 85 29 96 9
 60 234 127 212 254 0
 43 16 128 230 208 255
 206 8 119 11 229 248
 216 28 174 245 210 13
 138 7 46 1 19 19
 11 5 246 9 54 254
 202 212 80 243 14 253
 92 243 9 251 143 17
 165 7 214 15 58 255
 224 242 60 18 123 241
 240 23 223 247 23 16
 4 30 166 1 90 242
 112 13 39 31 83 7
 29 227 132 11 176 4
 31 223 232 22 248 18
 254 249 223 224 195 0
 204 23 79 237 221 20
 5 234 3 45 80 27
 69 250 27 33 242 24
 44 255 223 27 59 13
 54 246 20 253 252 33
 217 0 17 234 255 10
 120 222 126 28 33 16
 246 16 255 0 3 27
 212 233 47 22 195 22
 217 18 61 228 213 1
 143 252 242 0 196 5
 174 6 87 33 68 27
 183 223 184 25 168 5
 92 246 153 245 154 39
 19 17 158 209 30 0
 149 244 177 31 181 238
 193 239 239 11 79 252
 21 229 209 242 224 255
 248 29 4 250 209 4
 11 8 217 9 3 2
 32 25 225 34 140 14
 94 64 248 223 161 25
 127 212 4 6 84 13
 88 14 192 233 173 13
 24 8 250 6 6 25
 101 7 13 31 100 5
 93 6 230 17 90 20
 70 24 85 228 69 2
 182 16 96 239 137 13
 71 237 35 31 231 232
 62 254 44 35 254 10
 176 11 229 250 63 246
 195 233 78 253 102 247
 102 5 78 240 202 1
 252 15 86 216 248 27
 89 10 31 254 70 5
 146 9 147 251 194 9
 201 8 130 242 20 254
 8 62 209 190 236 7
 199 227 117 28 77 16
 22 4 141 234 133 5
 96 37 163 24 4 18
 97 9 17 248 115 248
 238 34 70 6 132 249
 225 8 215 248 24 11
 91 36 245 242 83 28
 252 240 87 62 215 17
 44 210 167 25 43 32
 144 15 119 224 34 22
 16 27 114 30 40 30
 180 15 174 226 56 232
 115 243 184 0 170 244
 45 1 164 15 220 246
 21 13 93 247 145 249
 213 29 58 211 216 253
 6 56 29 239 28 9
 164 223 83 10 46 8
 252 19 24 223 73 24
 71 243 167 16 131 255
 241 12 53 254 42 1
 225 222 52 2 162 245
 49 243 114 2 142 1
 162 235 102 10 222 0
 14 13 182 255 164 5
 113 255 161 38 43 20
 159 210 67 10 125 255
 75 255 80 38 159 21
 103 15 228 250 190 3
 230 2 109 243 160 27
 55 20 2 253 110 255
 62 250 252 22 232 18
 183 8 236 40 156 3
 18 11 248 230 247 12
 200 198 73 248 235 247
 135 241 2 17 167 13
 75 3 253 224 149 255
 88 254 141 9 4 7
 48 221 185 241 54 227
 214 23 186 235 145 9
 93 30 40 247 133 232
 95 239 187 243 127 255
 230 15 61 237 206 248
 249 248 28 242 109 27
 11 4 4 238 232 252
 142 28 10 19 71 17
 50 232 183 44 23 1
 29 252 250 2 174 12
 133 243 144 3 140 255
 48 250 119 251 144 20
 236 27 146 243 119 5
 5 244 153 42 186 8
 183 0 201 26 36 23
 209 10 51 210 132 23
 178 5 100 240 177 6
 125 3 67 247 147 22
 149 6 147 21 64 2
 189 19 17 236 115 234
 32 2 96 11 127 249
 20 233 113 21 22 239
 243 0 230 222 180 26
 17 237 141 17 154 232
 132 44 115 19 96 7
 154 253 209 238 8 246
 180 252 252 3 147 30
 129 21 228 217 7 23
 60 242 8 26 37 12
 14 28 168 245 236 0
 85 14 184 41 171 27
