136 4 134 253 129 7
114 4 172 253 158 7
88 4 0 254 236 7
134 4 132 253 189 7
16 5 156 252 114 7
84 5 214 251 139 7
98 5 86 251 75 7
134 5 122 251 197 7
168 5 246 250 171 7
174 5 222 250 74 7
190 5 232 250 202 7
234 5 20 251 204 7
216 5 78 250 157 7
186 5 158 249 188 7
162 5 78 249 180 7
70 5 18 249 176 7
62 5 104 248 127 7
220 4 246 247 122 7
164 4 56 247 144 7
138 4 204 246 162 7
30 4 130 246 236 7
144 3 10 246 40 8
20 3 50 245 102 8
158 2 196 244 98 8
22 2 176 244 118 8
206 1 112 244 102 8
138 1 110 244 183 8
90 1 132 244 98 8
244 0 78 244 185 8
130 0 124 244 137 8
42 0 188 244 168 8
168 255 190 244 79 8
140 255 166 244 125 8
80 255 164 244 152 8
48 255 106 245 249 7
212 254 232 245 183 7
208 254 180 245 51 8
162 254 194 245 47 8
120 254 146 245 69 8
138 254 116 245 19 8
120 254 164 245 34 8
52 254 198 245 22 8
22 254 134 245 128 8
228 253 44 245 193 8
230 253 146 245 133 8
178 253 94 245 191 8
30 253 36 245 144 9
152 252 22 245 116 9
110 252 136 245 84 9
84 252 112 245 30 9
32 252 206 245 92 9
190 251 88 246 71 9
84 251 246 245 173 9
2 251 72 246 156 9
234 250 82 246 149 9
202 250 132 246 138 9
160 250 170 246 218 9
82 250 18 247 182 9
2 250 74 247 251 9
204 249 254 246 24 10
212 249 134 247 246 9
188 249 244 247 223 9
216 249 140 248 139 9
150 249 108 249 129 9
98 249 68 249 165 9
58 249 212 248 194 9
252 248 186 248 219 9
56 249 182 249 88 9
110 249 126 250 133 9
168 249 42 251 29 9
0 250 126 252 46 9
130 250 132 253 89 9
220 250 94 254 43 9
230 251 50 255 241 8
170 252 0 0 243 8
50 253 62 0 0 9
124 253 240 255 102 8
134 253 176 255 112 8
164 253 192 255 151 8
86 254 88 0 169 8
226 254 6 1 75 9
244 254 186 0 27 9
6 255 42 1 109 9
250 254 50 1 80 9
74 255 254 0 76 9
52 255 186 0 252 8
112 255 134 0 185 8
34 0 72 0 132 8
10 1 250 0 31 9
232 1 174 0 254 8
0 2 120 0 156 8
218 1 32 0 103 8
58 2 56 0 132 8
36 2 156 255 83 8
88 2 42 255 238 7
252 3 174 255 208 8
84 5 40 0 83 9
96 6 196 255 236 9
40 7 196 255 215 10
40 8 146 255 3 11
138 8 250 254 49 11
116 8 12 255 92 11
134 8 34 255 184 11
6 9 168 255 129 12
86 9 64 0 109 15
100 9 98 0 192 16
78 9 92 0 173 17
84 9 68 0 254 18
14 9 216 255 10 20
242 8 222 255 133 20
130 8 192 255 127 21
226 7 150 255 49 22
148 7 228 255 61 22
100 7 28 0 229 22
196 6 176 255 155 23
138 6 186 255 148 23
12 6 168 255 1 24
108 5 114 255 207 24
172 4 112 255 34 25
72 4 122 255 98 25
204 3 44 255 155 25
228 2 78 255 50 26
238 1 82 255 37 26
142 1 142 255 50 26
168 0 48 255 79 26
158 255 28 0 6 26
24 255 48 0 62 26
240 253 184 255 149 25
214 252 234 255 150 25
142 251 172 255 8 25
138 250 178 255 95 24
180 249 148 255 151 23
222 248 186 255 91 22
14 248 94 255 225 21
202 247 24 255 91 21
24 247 244 254 28 20
240 246 188 254 167 19
186 246 140 254 194 18
184 246 206 254 217 17
16 247 22 255 77 17
50 247 84 255 131 16
192 247 240 255 194 15
228 247 84 0 60 15
48 248 112 0 213 14
44 248 128 0 233 14
90 248 108 0 175 14
128 248 118 0 143 14
40 248 80 0 147 14
18 248 24 0 171 14
220 247 252 255 180 14
174 247 192 255 216 14
144 247 198 255 184 14
116 247 166 255 125 14
126 247 102 255 93 14
102 247 10 255 114 14
248 246 228 254 103 14
60 247 246 254 79 14
144 247 68 255 233 13
254 247 140 255 19 13
152 248 188 255 52 12
254 248 138 255 234 11
110 249 154 255 54 11
60 250 204 255 96 10
212 250 138 255 239 9
22 251 200 255 61 9
174 251 192 255 208 8
20 252 94 255 204 8
106 252 70 255 71 8
156 252 202 254 198 7
182 252 136 254 25 8
212 252 172 254 212 7
116 252 148 254 195 7
118 252 144 254 10 8
104 252 118 254 214 7
242 251 116 254 81 8
222 251 144 254 52 8
82 251 140 254 41 8
8 251 236 253 14 8
212 250 116 253 72 8
126 250 82 253 213 8
12 250 212 252 171 8
172 249 124 252 183 8
90 249 44 252 22 9
110 249 108 251 75 9
252 248 116 251 130 9
16 249 52 251 188 9
4 249 4 250 166 9
100 249 30 249 88 9
202 249 214 248 90 9
162 249 94 248 99 9
214 249 46 248 114 9
26 250 254 247 207 9
40 250 252 247 94 9
78 250 138 247 47 9
124 250 50 247 190 9
206 250 178 246 167 9
224 250 254 246 20 9
240 250 160 246 57 9
122 251 246 245 184 9
224 251 140 245 140 9
200 251 208 245 65 9
250 251 214 245 72 9
252 251 152 245 100 9
250 251 124 245 96 9
56 252 78 245 131 9
78 252 102 245 117 9
224 251 88 245 209 9
122 251 124 245 118 9
254 250 64 246 152 9
202 250 210 246 161 9
140 250 214 246 176 9
78 250 72 246 81 10
172 250 254 245 60 10
232 250 72 246 246 9
216 250 100 246 176 9
16 251 30 246 102 9
130 251 66 246 99 9
114 251 190 245 153 9
226 251 108 245 132 9
90 252 36 245 136 9
184 252 190 244 170 9
10 253 182 244 151 9
158 253 230 243 107 10
6 254 18 243 13 11
224 253 240 242 84 11
222 253 14 243 68 11
214 253 50 242 97 12
176 253 216 241 174 12
202 253 26 242 117 12
232 253 116 241 250 13
228 253 68 241 70 14
178 253 66 241 118 14
252 253 240 240 167 15
40 254 12 241 21 16
108 254 184 240 170 16
172 254 188 240 23 18
212 254 132 240 41 17
54 255 158 240 55 16
84 255 158 240 52 17
110 255 162 240 169 17
156 255 168 240 241 16
128 255 142 240 168 17
80 255 30 241 15 20
100 255 226 241 199 21
46 255 88 242 67 22
58 255 204 242 201 22
250 254 102 243 152 23
64 254 252 243 32 24
140 253 72 246 164 25
186 253 96 248 91 26
182 253 78 250 166 26
208 253 208 251 239 26
108 253 150 252 134 26
52 253 116 254 168 25
66 253 104 0 135 24
224 252 188 1 52 23
178 252 198 2 209 20
30 252 232 2 247 18
70 252 200 2 115 17
58 252 160 2 220 15
26 252 94 2 190 14
8 252 34 2 217 13
82 252 220 1 34 13
158 252 218 1 40 12
158 252 36 1 127 11
154 252 54 0 183 10
168 252 248 255 102 10
214 252 174 255 248 9
186 252 82 255 233 9
136 252 20 255 163 9
144 252 116 254 150 9
188 252 110 254 137 9
198 252 156 254 158 9
180 252 12 254 24 9
140 252 178 253 9 9
202 252 74 253 229 8
198 252 186 251 82 8
80 252 216 249 39 8
114 252 208 249 90 8
84 252 192 248 70 8
154 252 154 248 65 8
114 252 12 248 159 8
118 252 186 247 133 8
128 252 200 247 136 8
2 253 226 246 155 8
190 252 164 247 56 8
98 252 94 247 227 8
218 252 160 246 228 8
226 252 96 245 146 9
128 253 60 244 124 10
204 253 226 242 127 11
68 254 94 242 102 12
122 254 236 241 63 13
214 254 28 241 118 14
170 254 12 241 104 15
60 254 232 240 161 15
22 254 162 240 93 16
138 254 156 240 238 17
116 254 148 240 137 18
226 253 170 240 145 18
242 253 228 240 17 19
58 254 240 240 77 19
84 254 226 240 127 19
72 254 78 241 100 20
128 254 244 241 204 21
246 254 218 241 69 22
74 254 70 242 254 22
30 254 36 243 250 23
240 254 98 243 117 24
140 254 46 244 157 25
98 254 180 244 70 26
6 254 56 245 74 26
118 253 74 246 246 26
30 253 146 247 141 27
240 252 88 248 157 27
18 253 222 248 107 27
218 252 0 250 197 26
54 252 194 249 200 26
14 252 238 249 143 26
236 251 230 249 90 26
66 251 192 249 3 26
212 250 170 249 1 26
250 250 102 249 146 25
218 250 124 249 200 25
240 250 212 248 103 25
160 250 164 248 149 25
136 250 48 249 63 26
12 250 0 249 242 25
110 249 122 248 222 24
34 249 6 248 45 24
2 249 88 248 119 24
2 249 52 248 4 24
230 248 248 247 230 23
196 248 0 248 151 23
244 248 72 248 26 24
0 249 120 248 243 23
232 248 90 248 226 23
18 249 132 248 54 24
58 249 142 248 124 24
142 249 118 248 138 24
86 249 48 248 72 24
228 249 114 247 100 24
32 250 16 247 243 23
122 250 118 246 240 23
112 250 86 246 158 23
236 250 60 246 191 23
14 251 14 246 189 23
122 251 16 246 166 23
250 251 104 245 114 23
234 252 76 245 77 23
50 253 120 245 162 23
190 253 62 245 48 24
42 254 88 245 53 24
192 254 108 245 79 24
78 255 72 245 72 24
6 0 134 245 48 24
254 0 60 245 53 24
14 2 194 245 54 24
54 3 214 245 15 24
2 4 116 246 7 24
110 4 236 246 189 23
184 4 120 247 96 23
88 5 224 247 194 22
236 5 162 248 109 22
192 5 226 248 55 22
52 6 48 249 252 22
34 6 190 249 17 23
12 6 88 250 63 23
32 6 180 250 84 23
114 6 170 250 100 23
128 6 66 251 206 23
44 6 52 252 168 23
172 5 240 252 52 24
90 5 120 253 66 24
28 5 212 253 99 24
238 4 92 254 136 24
136 4 242 254 104 24
72 4 58 255 128 24
28 4 28 255 170 24
242 3 56 255 203 24
194 3 2 255 2 25
88 3 82 255 203 24
108 3 94 255 191 24
72 3 140 255 196 24
110 3 166 255 219 24
96 3 138 255 165 24
10 3 108 255 213 24
82 3 80 255 177 24
56 3 114 255 98 24
54 3 196 255 103 24
234 2 158 255 235 24
232 2 220 255 158 24
232 2 156 255 191 24
250 2 92 255 219 24
240 2 78 255 213 24
228 2 254 254 200 24
188 2 196 254 55 25
182 2 156 254 80 25
146 2 90 254 55 25
146 2 32 254 19 25
18 2 68 254 68 25
240 0 8 255 228 24
132 255 222 255 20 24
202 254 54 0 142 23
10 254 110 0 234 22
14 253 70 0 246 22
184 251 2 0 181 22
68 250 148 255 114 22
90 249 242 254 72 22
164 248 162 254 87 21
232 247 122 254 100 20
68 247 116 254 242 18
18 247 70 254 171 17
22 247 92 254 50 16
224 246 68 254 4 15
158 247 30 254 22 14
200 247 62 254 81 13
154 248 244 253 217 11
40 249 8 254 199 10
96 250 32 254 212 9
228 251 82 253 211 8
224 252 0 253 143 7
190 253 88 253 157 7
66 255 94 253 105 7
128 255 86 253 139 7
38 0 110 253 59 7
176 0 38 254 211 7
232 0 250 253 236 7
170 1 138 253 86 7
140 2 74 253 156 7
118 3 66 253 189 7
34 4 140 252 213 7
252 4 42 251 243 7
30 6 122 250 119 8
22 7 150 250 222 8
142 7 140 251 85 9
20 8 24 251 193 9
248 8 218 249 46 10
52 9 112 248 107 11
180 9 20 247 5 13
236 9 198 245 195 14
208 9 100 245 153 15
114 9 108 245 192 16
22 9 212 244 128 18
180 8 76 245 245 19
192 7 82 245 106 21
184 6 104 245 208 22
54 5 250 245 40 24
168 3 96 246 3 25
128 2 178 246 201 25
20 1 200 246 177 25
204 255 30 247 232 25
76 254 44 247 181 25
166 252 172 246 31 25
162 250 230 246 246 23
238 248 168 247 195 22
212 247 72 248 237 21
58 247 212 248 246 20
194 246 150 249 243 19
176 246 44 250 102 19
62 246 66 251 218 18
56 246 128 251 177 18
44 246 28 252 120 17
46 246 182 252 50 16
98 246 104 253 141 15
162 246 230 253 80 15
184 246 124 254 167 14
174 246 184 254 171 13
38 247 140 254 155 13
26 247 142 254 141 13
106 247 122 254 86 13
132 247 170 254 58 13
162 247 198 254 214 12
180 247 30 255 16 13
200 247 50 255 26 13
112 247 28 255 71 13
148 247 190 255 173 13
190 247 168 255 214 13
104 247 78 255 243 12
176 247 60 255 9 13
130 247 146 255 190 14
136 247 70 0 157 15
214 247 192 0 202 15
42 248 220 0 174 14
190 248 12 1 71 13
128 249 106 1 177 12
148 250 144 1 193 11
30 252 148 1 114 10
32 254 176 0 3 9
158 0 176 0 133 8
16 3 106 0 153 8
118 4 116 255 177 8
246 4 42 254 27 8
162 5 180 252 61 8
218 6 84 251 124 8
246 7 172 250 69 9
74 8 200 249 139 9
90 8 110 249 121 9
98 8 176 248 234 9
166 8 172 247 104 10
