 168 0 76 0 18 8
 169 0 77 0 19 8
 169 0 77 0 19 8
 171 0 80 0 16 8
 171 0 80 0 11 8
 178 0 78 0 11 8
 177 0 76 0 0 8
 177 0 76 0 0 8
 184 0 77 0 6 8
 184 0 81 0 21 8
 179 0 81 0 21 8
 175 0 84 0 18 8
 175 0 84 0 18 8
 181 0 81 0 18 8
 181 0 88 0 15 8
 166 0 88 0 15 8
 178 0 96 0 16 8
 178 0 96 0 22 8
 176 0 89 0 22 8
 176 0 81 0 10 8
 186 0 81 0 10 8
 160 0 89 0 38 8
 160 0 89 0 12 8
 170 0 110 0 12 8
 170 0 95 0 46 8
 143 0 95 0 46 8
 164 0 101 0 40 8
 164 0 101 0 58 8
 148 0 114 0 58 8
 148 0 94 0 255 7
 159 0 94 0 255 8
 180 0 107 0 0 8
 180 0 107 0 252 7
 171 0 110 0 252 7
 171 0 131 0 22 8
 167 0 131 0 22 7
 206 0 107 0 187 7
 206 0 107 0 239 7
 189 0 102 0 239 7
 189 0 124 0 13 8
 178 0 124 0 13 7
 175 0 114 0 244 7
 175 0 114 0 33 8
 183 0 126 0 33 8
 175 0 126 0 37 8
 175 0 126 0 37 8
 185 0 113 0 16 8
 185 0 132 0 46 8
 161 0 132 0 46 8
 177 0 106 0 241 7
 177 0 106 0 26 8
 177 0 112 0 26 8
 177 0 116 0 74 8
 146 0 116 0 74 8
 152 0 89 0 86 8
 152 0 89 0 100 8
 136 0 112 0 100 8
 136 0 121 0 111 8
 130 0 121 0 111 8
 120 0 120 0 75 8
 120 0 120 0 58 8
 113 0 95 0 58 8
 113 0 102 0 125 8
 104 0 102 0 125 8
 99 0 84 0 90 8
 99 0 84 0 68 8
 125 0 81 0 68 8
 125 0 99 0 59 8
 124 0 99 0 59 8
 127 0 74 0 77 8
 127 0 74 0 117 8
 102 0 81 0 117 8
 102 0 97 0 158 8
 107 0 97 0 158 8
 95 0 84 0 202 8
 95 0 84 0 164 8
 96 0 83 0 164 8
 96 0 93 0 157 8
 118 0 93 0 157 8
 91 0 75 0 209 8
 91 0 75 0 155 8
 119 0 98 0 155 8
 119 0 88 0 169 8
 95 0 88 0 169 8
 124 0 96 0 156 8
 124 0 96 0 133 8
 135 0 85 0 133 8
 130 0 90 0 99 8
 130 0 90 0 99 8
 148 0 79 0 92 8
 148 0 79 0 153 8
 119 0 72 0 153 8
 157 0 77 0 90 8
 157 0 77 0 90 8
 165 0 53 0 46 8
 165 0 64 0 224 7
 196 0 64 0 224 7
 166 0 58 0 38 8
 166 0 58 0 250 7
 182 0 49 0 250 7
 182 0 41 0 250 7
 195 0 41 0 250 7
 205 0 38 0 205 7
 205 0 38 0 206 7
 201 0 55 0 206 7
 201 0 34 0 173 7
 203 0 34 0 173 7
 213 0 47 0 150 7
 213 0 47 0 204 7
 219 0 22 0 204 7
 219 0 43 0 158 7
 221 0 43 0 158 7
 201 0 16 0 245 7
 201 0 16 0 166 7
 221 0 19 0 166 7
 221 0 19 0 252 7
 204 0 19 0 252 7
 235 0 31 0 133 7
 235 0 31 0 247 7
 187 0 16 0 247 7
 235 0 254 255 159 7
 235 0 254 255 159 7
 199 0 11 0 236 7
 199 0 4 0 198 7
 226 0 4 0 198 7
 151 0 242 255 79 8
 151 0 242 255 22 8
 200 0 229 255 22 8
 200 0 231 255 32 8
 181 0 231 255 32 8
 196 0 244 255 235 7
 196 0 244 255 42 8
 168 0 233 255 42 8
 168 0 242 255 6 8
 179 0 242 255 6 8
 191 0 223 255 7 8
 191 0 223 255 203 7
 197 0 252 255 203 7
 197 0 230 255 13 8
 187 0 230 255 13 8
 167 0 225 255 30 8
 167 0 225 255 9 8
 173 0 224 255 9 8
 173 0 247 255 220 7
 177 0 247 255 220 7
 195 0 3 0 175 7
 195 0 3 255 202 7
 175 0 247 255 202 7
 175 0 13 0 156 7
 165 0 13 0 156 7
 140 0 21 0 220 7
 140 0 21 0 144 7
 180 0 46 0 144 7
 180 0 24 0 198 7
 160 0 24 0 198 7
 152 0 39 0 201 7
 152 0 39 0 254 7
 123 0 46 0 254 7
 120 0 61 0 23 8
 120 0 61 0 23 8
 126 0 50 0 7 8
 126 0 53 0 246 7
 129 0 53 0 246 7
 115 0 73 0 239 7
 115 0 73 0 239 8
 96 0 75 0 14 8
 96 0 70 0 35 8
 101 0 70 0 35 8
 80 0 51 0 86 8
 80 0 51 0 30 8
 125 0 71 0 30 8
 125 0 57 0 83 8
 110 0 57 0 83 8
 119 0 52 0 79 8
 119 0 52 0 152 8
 85 0 46 0 152 8
 85 0 50 0 83 8
 113 0 50 0 83 8
 155 0 49 0 14 8
 155 0 49 0 206 7
 168 0 42 0 206 7
 168 0 62 0 240 7
 166 0 62 0 240 7
 136 0 58 0 27 8
 136 0 58 0 15 8
 146 0 58 0 15 8
 146 0 49 0 248 7
 142 0 49 0 248 7
 154 0 74 0 3 8
 154 0 74 0 228 7
 183 0 83 0 228 7
 183 0 65 0 25 8
 162 0 65 0 25 8
 166 0 68 0 0 8
 166 0 68 0 83 8
 113 0 85 0 83 8
 113 0 107 0 69 8
 135 0 107 0 69 8
 123 0 80 0 90 8
 123 0 80 0 66 8
 150 0 80 0 66 8
 165 0 91 0 249 7
 165 0 91 0 249 8
 151 0 101 0 36 8
 151 0 101 0 24 8
 156 0 82 0 24 8
 122 0 72 0 79 8
 122 0 72 0 79 8
 125 0 76 0 95 8
 125 0 77 0 28 8
 147 0 77 0 28 8
 160 0 68 0 252 7
 160 0 68 0 2 8
 153 0 88 0 2 8
 153 0 104 0 37 8
 151 0 104 0 37 8
 134 0 93 0 71 8
 134 0 93 0 36 8
 125 0 96 0 36 8
 125 0 107 0 81 8
 109 0 107 0 81 8
 108 0 125 0 90 8
 108 0 125 0 80 8
 128 0 91 0 80 8
 128 0 88 0 121 8
 115 0 88 0 121 8
 146 0 97 0 48 8
 146 0 97 0 39 8
 162 0 100 0 39 8
 162 0 81 0 246 7
 167 0 81 0 246 7
 169 0 83 0 22 8
 169 0 83 0 54 8
 148 0 87 0 54 8
 148 0 77 0 30 8
 163 0 77 0 30 8
 147 0 67 0 17 8
 147 0 67 0 14 8
 146 0 79 0 14 8
 146 0 97 0 63 8
 141 0 97 0 63 8
 127 0 79 0 98 8
 127 0 79 0 132 8
 120 0 70 0 132 8
 120 0 87 0 64 8
 126 0 87 0 64 8
 148 0 97 0 13 8
 148 0 97 0 13 8
 147 0 76 0 13 8
 181 0 76 0 204 7
 181 0 76 0 204 8
 155 0 97 0 28 8
 155 0 98 0 229 7
 166 0 98 0 229 7
 173 0 84 0 195 7
 173 0 84 0 195 7
 149 0 97 0 197 7
 149 0 113 0 199 7
 167 0 113 0 199 7
 142 0 94 0 28 8
 142 0 94 0 32 8
 150 0 83 0 32 8
 150 0 101 0 34 8
 146 0 101 0 34 8
 163 0 117 0 234 7
 163 0 117 0 1 8
 177 0 91 0 1 8
 177 0 80 0 253 7
 160 0 80 0 253 7
 159 0 89 0 61 8
 159 0 89 0 25 8
 152 0 84 0 25 8
 152 0 79 0 252 7
 155 0 79 0 252 7
 120 0 90 0 37 8
 120 0 90 0 67 8
 116 0 107 0 67 8
 116 0 74 0 164 8
 97 0 74 0 164 8
 92 0 55 0 163 8
 92 0 55 0 99 8
 118 0 68 0 99 8
 118 0 76 0 51 8
 123 0 76 0 51 8
 143 0 50 0 11 8
 143 0 50 0 6 8
 150 0 42 0 6 8
 150 0 68 0 31 8
 140 0 68 0 31 8
 138 0 67 0 22 8
 138 0 67 0 208 7
 137 0 65 0 208 7
 137 0 80 0 180 7
 153 0 80 0 180 7
 170 0 98 0 178 7
 170 0 98 0 239 7
 160 0 63 0 239 7
 165 0 48 0 243 7
 165 0 48 0 243 7
 148 0 61 0 249 7
 148 0 73 0 154 7
 184 0 73 0 154 7
 179 0 69 0 114 7
 179 0 69 0 107 7
 191 0 64 0 107 7
 191 0 107 0 171 7
 158 0 107 0 171 7
 155 0 99 0 216 7
 155 0 99 0 244 7
 136 0 87 0 244 7
 136 0 90 0 172 7
 158 0 90 0 172 7
 157 0 97 0 187 7
 157 0 97 0 184 7
 166 0 66 0 184 7
 166 0 59 0 197 7
 174 0 59 0 197 7
 159 0 81 0 246 7
 159 0 81 0 253 7
 160 0 79 0 253 7
 160 0 67 0 233 7
 164 0 67 0 233 7
 174 0 58 0 191 7
 174 0 58 0 11 8
 167 0 70 0 11 8
 167 0 43 0 57 8
 160 0 43 0 57 8
 172 0 30 0 97 8
 172 0 30 0 117 8
 157 0 38 0 117 8
 157 0 49 0 63 8
 166 0 49 0 63 8
 172 0 45 0 4 8
 172 0 45 0 7 8
 167 0 39 0 7 8
 167 0 63 0 70 8
 162 0 63 0 70 8
 130 0 47 0 151 8
 130 0 47 0 188 8
 134 0 37 0 188 8
 118 0 41 0 183 8
 118 0 41 0 183 8
 155 0 54 0 80 8
 155 0 54 0 75 8
 146 0 41 0 75 8
 145 0 35 0 88 8
 145 0 35 0 88 8
 132 0 68 0 168 8
 132 0 57 0 216 8
 116 0 57 0 216 8
 103 0 44 0 254 8
 103 0 44 0 235 8
 82 0 41 0 235 8
 82 0 67 0 144 8
 114 0 67 0 144 8
 121 0 49 0 129 8
 121 0 49 0 133 8
 118 0 41 0 133 8
 118 0 87 0 204 8
 96 0 87 0 204 8
 78 0 78 0 246 8
 78 0 78 0 225 8
 80 0 70 0 225 8
 80 0 52 0 182 8
 79 0 52 0 182 8
 102 0 77 0 125 8
 102 0 77 0 124 8
 110 0 61 0 124 8
 110 0 60 0 157 8
 94 0 60 0 157 8
 87 0 93 0 231 8
 87 0 93 0 45 9
 53 0 74 0 45 9
 53 0 60 0 232 8
 77 0 60 0 232 8
 54 0 42 0 210 8
 54 0 42 0 67 8
 109 0 59 0 67 8
 109 0 58 0 98 8
 87 0 58 0 98 8
 91 0 49 0 68 8
 91 0 49 0 177 8
 62 0 98 0 177 8
 62 0 71 0 160 8
 67 0 71 0 160 8
 67 0 71 0 156 8
 67 0 71 0 95 8
 81 0 51 0 95 8
 111 0 66 0 255 7
 111 0 66 0 255 8
 103 0 52 0 4 8
 103 0 31 0 34 8
 105 0 31 0 34 8
 101 0 70 0 120 8
 101 0 70 0 120 8
 76 0 27 0 190 8
 76 0 30 0 111 8
 117 0 30 0 111 8
 122 0 30 0 72 8
 122 0 30 0 208 7
 138 0 44 0 208 7
 138 0 40 0 237 7
 127 0 40 0 237 7
 145 0 18 0 166 7
 145 0 18 0 243 7
 146 0 45 0 243 7
 146 0 17 0 2 8
 153 0 17 0 2 8
 167 0 12 0 1 8
 167 0 12 0 35 8
 151 0 36 0 35 8
 151 0 35 0 24 8
 148 0 35 0 24 8
 121 0 37 0 73 8
 121 0 37 0 224 7
 149 0 6 0 224 7
 149 0 24 0 214 7
 179 0 24 0 214 7
 184 0 7 0 217 7
 184 0 7 0 16 8
 155 0 14 0 16 8
 155 0 65 0 104 8
 131 0 65 0 104 8
 113 0 45 0 151 8
 113 0 45 0 158 8
 99 0 52 0 158 8
 99 0 31 0 72 8
 128 0 31 0 72 7
 174 0 32 0 218 7
 174 0 32 0 205 7
 181 0 20 0 205 7
 162 0 8 0 235 7
 162 0 8 0 235 8
 149 0 42 0 90 8
 149 0 42 0 96 8
 145 0 14 0 96 8
 172 0 14 0 19 8
 172 0 14 0 19 8
 163 0 27 0 13 8
 163 0 27 0 28 8
 139 0 27 0 28 8
 115 0 34 0 74 8
 115 0 34 0 2 8
 144 0 254 255 2 8
 144 0 16 0 19 8
 159 0 16 0 19 8
 169 0 253 255 13 8
 169 0 253 255 23 8
 136 0 16 0 23 8
 136 0 66 0 139 8
 110 0 66 0 139 8
 91 0 46 0 189 8
 91 0 46 0 198 8
 101 0 54 0 198 8
 101 0 47 0 116 8
 121 0 47 0 116 8
 128 0 65 0 45 8
 128 0 65 0 39 8
 146 0 74 0 39 8
 146 0 49 0 45 8
 105 0 49 0 45 8
 130 0 89 0 86 8
 130 0 89 0 110 8
 117 0 62 0 110 8
 117 0 64 0 49 8
 136 0 64 0 49 8
 105 0 95 0 128 8
 105 0 72 0 117 8
 102 0 72 0 117 8
 89 0 65 0 194 8
 89 0 65 0 61 8
 116 0 43 0 61 8
 116 0 61 0 249 7
 157 0 61 0 249 7
 169 0 56 0 210 7
 169 0 56 0 252 7
 135 0 49 0 252 7
 135 0 87 0 68 8
 135 0 87 0 68 8
 105 0 63 0 113 8
 105 0 63 0 27 8
 147 0 72 0 27 8
 147 0 89 0 67 8
 132 0 89 0 67 8
 134 0 79 0 50 8
 134 0 79 0 161 8
 89 0 80 0 161 8
 89 0 61 0 35 8
 123 0 61 0 35 8
 131 0 75 0 31 8
 131 0 75 0 211 7
 166 0 79 0 211 7
 166 0 58 0 255 7
 152 0 58 0 255 8
 156 0 96 0 32 8
 156 0 96 0 31 8
 146 0 73 0 31 8
 137 0 79 0 242 7
 137 0 79 0 242 8
 123 0 107 0 40 8
 123 0 84 0 58 8
 136 0 84 0 58 8
 144 0 95 0 47 8
 144 0 95 0 47 8
 171 0 97 0 19 8
 171 0 86 0 40 8
 145 0 86 0 40 8
 125 0 94 0 95 8
 125 0 94 0 64 8
 130 0 80 0 64 8
 130 0 102 0 8 8
 166 0 102 0 8 8
 157 0 96 0 26 8
 157 0 96 0 0 8
 132 0 89 0 0 8
 132 0 127 0 63 8
 135 0 127 0 63 8
 132 0 110 0 35 8
 132 0 110 0 4 8
 167 0 112 0 4 8
 167 0 140 0 9 8
 149 0 140 0 9 8
 147 0 114 0 68 8
 147 0 114 0 141 8
 120 0 115 0 141 8
 120 0 101 0 72 8
 126 0 101 0 72 8
 139 0 106 0 42 8
 139 0 106 0 26 8
 136 0 108 0 26 8
 136 0 87 0 74 8
 123 0 87 0 74 8
 144 0 104 0 53 8
 144 0 104 0 110 8
 117 0 90 0 110 8
 117 0 85 0 22 8
 136 0 85 0 22 8
 119 0 110 0 98 8
 119 0 110 0 63 8
 140 0 99 0 63 8
 143 0 88 0 91 8
 143 0 88 0 91 8
 156 0 97 0 31 8
 156 0 97 0 100 8
 117 0 78 0 100 8
 107 0 81 0 129 8
 107 0 81 0 129 8
 113 0 56 0 105 8
 113 0 75 0 30 8
 162 0 75 0 30 8
 180 0 66 0 10 8
 180 0 66 0 27 8
 141 0 54 0 27 8
 141 0 85 0 68 8
 146 0 85 0 68 8
 117 0 64 0 108 8
 117 0 64 0 245 7
 154 0 80 0 245 7
 154 0 96 0 81 8
 124 0 96 0 81 8
 136 0 82 0 36 8
 136 0 82 0 162 8
 106 0 77 0 162 8
 106 0 69 0 36 8
 133 0 69 0 36 8
 143 0 71 0 46 8
 143 0 71 0 26 8
 139 0 74 0 26 8
 139 0 49 0 27 8
 128 0 49 0 27 8
 153 0 74 0 5 8
 153 0 74 0 1 8
 133 0 55 0 1 8
 133 0 50 0 213 7
 169 0 50 0 213 7
 152 0 77 0 248 7
 152 0 77 0 11 8
 163 0 65 0 11 8
 164 0 68 0 4 8
 164 0 68 0 4 7
 182 0 75 0 227 7
 182 0 64 0 21 8
 139 0 64 0 21 8
 125 0 73 0 29 8
 125 0 73 0 33 8
 139 0 45 0 33 8
 139 0 73 0 204 7
 167 0 73 0 204 7
 190 0 60 0 207 7
 190 0 60 0 208 7
 147 0 36 0 208 7
 147 0 64 0 10 8
 157 0 64 0 10 8
 141 0 41 0 40 8
 141 0 41 0 184 7
 178 0 40 0 184 7
 178 0 56 0 59 8
 129 0 56 0 59 8
 130 0 49 0 253 7
 130 0 49 0 53 8
 140 0 56 0 53 8
 140 0 76 0 1 8
 136 0 76 0 1 8
 136 0 38 0 80 8
 136 0 38 0 82 8
 127 0 52 0 82 8
 127 0 53 0 79 8
 128 0 53 0 79 8
 106 0 34 0 114 8
 106 0 34 0 141 8
 98 0 35 0 141 8
 91 0 13 0 157 8
 91 0 13 0 95 8
 90 0 38 0 95 8
 90 0 36 0 132 8
 101 0 36 0 132 8
 75 0 12 0 122 8
 75 0 12 0 113 8
 108 0 40 0 113 8
 108 0 31 0 71 8
 124 0 31 0 71 8
 133 0 13 0 22 8
 133 0 13 0 66 8
 133 0 44 0 66 8
 133 0 30 0 244 7
 149 0 30 0 244 7
 169 0 17 0 204 7
 169 0 17 0 242 7
 142 0 51 0 242 7
 142 0 24 0 66 8
 119 0 24 0 66 8
 134 0 32 0 0 8
 134 0 32 0 20 8
 129 0 54 0 20 8
 129 0 34 0 37 8
 122 0 34 0 37 8
 123 0 50 0 31 8
 123 0 50 0 61 8
 116 0 52 0 61 8
 104 0 41 0 45 8
 104 0 41 0 45 8
 114 0 44 0 139 8
 114 0 46 0 25 8
 147 0 46 0 25 8
 134 0 23 0 59 8
 134 0 23 0 59 8
 144 0 43 0 66 8
 144 0 39 0 69 8
 128 0 39 0 69 8
 121 0 26 0 86 8
 121 0 26 0 97 8
 108 0 43 0 97 8
 108 0 22 0 144 8
 89 0 22 0 144 8
 86 0 29 0 102 8
 86 0 29 0 136 8
 72 0 43 0 136 8
 72 0 33 0 103 8
 76 0 33 0 103 8
 69 0 62 0 105 8
 69 0 62 0 163 8
 55 0 66 0 163 8
 55 0 56 0 156 8
 29 0 56 0 156 8
 48 0 79 0 166 8
 48 0 79 0 132 8
 44 0 79 0 132 8
 44 0 57 0 73 8
 59 0 57 0 73 8
 74 0 94 0 48 8
 74 0 94 0 34 8
 79 0 92 0 34 8
 79 0 77 0 22 8
 82 0 77 0 22 8
 108 0 107 0 21 8
 108 0 107 0 80 8
 103 0 83 0 80 8
 103 0 75 0 239 7
 114 0 75 0 239 7
 149 0 101 0 217 7
 149 0 101 0 194 7
 140 0 85 0 194 7
 140 0 74 0 173 7
 146 0 74 0 173 7
 166 0 99 0 170 7
 166 0 99 0 186 7
 137 0 78 0 186 7
 145 0 59 0 223 7
 145 0 59 0 223 7
 174 0 96 0 151 7
 174 0 76 0 238 7
 140 0 76 0 238 7
 126 0 92 0 209 7
 126 0 92 0 209 8
 105 0 120 0 28 8
 105 0 73 0 19 8
 119 0 73 0 19 8
 100 0 90 0 11 8
 100 0 90 0 56 8
 81 0 112 0 56 8
 81 0 100 0 36 8
 51 0 100 0 36 8
 74 0 105 0 9 8
 74 0 105 0 98 8
 50 0 114 0 98 8
 50 0 95 0 113 8
 34 0 95 0 113 8
 29 0 96 0 155 8
 29 0 96 0 154 8
 31 0 125 0 154 8
 31 0 99 0 141 8
 46 0 99 0 141 8
 19 0 122 0 130 8
 19 0 122 0 15 9
 239 255 136 0 15 9
 239 255 89 0 12 9
 243 255 89 0 12 9
 249 255 122 0 229 8
 249 255 122 0 223 8
 22 0 120 0 223 8
 22 255 98 0 254 8
 222 255 98 0 254 9
 239 255 128 0 0 9
 239 255 128 0 81 9
 223 255 108 0 81 9
 223 0 100 0 220 8
 23 0 100 0 220 8
 33 0 122 0 224 8
 33 0 122 0 255 8
 13 0 126 0 255 8
 13 0 100 0 5 9
 13 0 100 0 5 8
 17 0 121 0 248 8
 17 0 121 0 30 9
 27 0 125 0 30 9
 30 0 91 0 0 9
 30 0 91 0 0 8
 52 0 118 0 190 8
 52 0 127 0 246 8
 39 0 127 0 246 8
 45 0 81 0 237 8
 45 0 81 0 255 8
 66 0 120 0 255 8
 66 0 115 0 252 8
 64 0 115 0 252 8
 61 0 84 0 224 8
 61 0 84 0 230 8
 50 0 104 0 230 8
 50 0 102 0 75 9
 26 0 102 0 75 9
 39 0 68 0 41 9
 39 0 68 0 12 9
 39 0 82 0 12 9
 39 0 98 0 54 9
 20 0 98 0 54 9
 16 0 67 0 17 9
 16 0 67 0 248 8
 39 0 91 0 248 8
 39 255 91 0 98 9
 248 255 91 0 98 9
 233 255 56 0 125 9
 233 255 56 0 102 9
 223 255 93 0 102 9
 223 255 89 0 96 9
 224 255 89 0 96 9
 240 255 62 0 93 9
 240 255 62 0 119 9
 215 255 84 0 119 9
 215 255 70 0 190 9
 195 255 70 0 190 9
 170 255 59 0 152 9
 170 255 59 0 77 9
 193 255 78 0 77 9
 193 255 75 0 96 9
 207 255 75 0 96 9
 198 255 60 0 75 9
 198 255 60 0 69 9
 201 255 71 0 69 9
 177 255 73 0 105 9
 177 255 73 0 105 9
 204 255 54 0 35 9
 204 255 64 0 6 9
 206 255 64 0 6 9
 197 255 61 0 86 9
 197 255 61 0 86 9
 211 255 18 0 63 9
 211 255 34 0 244 8
 225 255 34 0 244 8
 5 0 39 0 209 8
 5 0 39 0 203 8
 4 0 16 0 203 8
 4 0 30 0 196 8
 26 0 30 0 196 8
 51 0 25 0 174 8
 51 0 25 0 91 8
 61 0 26 0 91 8
 61 0 24 0 61 8
 71 0 24 0 61 8
 110 0 29 0 41 8
 110 0 29 0 26 8
 115 0 25 0 26 8
 115 0 20 0 0 8
 116 0 20 0 0 8
 142 0 29 0 2 8
 142 0 29 0 179 7
 154 0 29 0 179 7
 154 0 28 0 180 7
 163 0 28 0 180 7
 203 0 49 0 174 7
 203 0 49 0 225 7
 187 0 34 0 225 7
 187 0 47 0 196 7
 185 0 47 0 196 7
 187 0 59 0 200 7
 187 0 59 0 75 8
 165 0 43 0 75 8
 165 0 51 0 54 8
 152 0 51 0 54 7
 182 0 63 0 232 7
 182 0 63 0 120 8
 115 0 56 0 120 8
 94 0 48 0 121 8
 94 0 48 0 121 8
 104 0 37 0 118 8
 104 0 37 0 165 8
 69 0 53 0 165 8
 122 0 42 0 55 8
 122 0 42 0 55 8
 123 0 37 0 24 8
 123 0 66 0 145 8
 78 0 66 0 145 8
 76 0 60 0 122 8
 76 0 60 0 77 8
 80 0 63 0 77 8
 80 0 89 0 45 8
 98 0 89 0 45 8
 85 0 103 0 16 8
 85 0 103 0 91 8
 59 0 99 0 91 8
 59 0 119 0 35 8
 96 0 119 0 35 8
 99 0 108 0 50 8
 99 0 108 0 123 8
 56 0 78 0 123 8
 56 0 92 0 69 8
 92 0 92 0 69 8
 95 0 101 0 113 8
 95 0 101 0 62 8
 107 0 63 0 62 8
 107 0 81 0 85 8
 99 0 81 0 85 8
 103 0 78 0 100 8
 103 0 78 0 158 8
 96 0 31 0 158 8
 96 0 43 0 188 8
 63 0 43 0 188 8
 101 0 37 0 123 8
 101 0 37 0 66 8
 146 0 1 0 66 8
 146 0 27 0 68 8
 131 0 27 0 68 8
 155 0 22 0 20 8
 155 0 22 0 107 8
 110 0 17 0 107 8
 110 0 43 0 91 8
 92 0 43 0 91 8
 69 0 26 0 120 8
 69 0 26 0 207 8
 39 0 54 0 207 8
 99 0 85 0 65 8
 99 0 85 0 65 8
 107 0 55 0 13 8
 107 0 111 0 81 8
 76 0 111 0 81 8
 80 0 154 0 27 8
 80 0 154 0 27 8
 79 0 120 0 5 8
 79 0 160 0 237 7
 79 0 160 0 237 7
 81 0 193 0 247 7
 81 0 193 0 53 8
 46 0 139 0 53 8
 46 0 163 0 159 7
 94 0 163 0 159 7
 118 0 179 0 184 7
 118 0 179 0 187 7
 105 0 122 0 187 7
 105 0 129 0 132 7
 129 0 129 0 132 7
 178 0 135 0 87 7
 178 0 135 0 74 7
 190 0 69 0 74 7
 190 0 70 0 137 7
 165 0 70 0 137 7
 215 0 67 0 82 7
 215 0 67 0 117 7
 226 0 25 0 117 7
 226 0 56 0 181 7
 173 0 56 0 181 7
 198 0 46 0 157 7
 198 0 46 0 16 8
 157 0 33 0 16 8
 157 0 68 0 68 8
 137 0 68 0 68 8
 171 0 33 0 221 7
 171 0 33 0 146 8
 108 0 38 0 146 8
 108 0 86 0 172 8
 107 0 86 0 172 8
 135 0 30 0 58 8
 135 0 30 0 164 8
 131 0 56 0 164 8
 131 0 112 0 252 8
 76 0 112 0 252 8
 112 0 46 0 160 8
 112 0 46 0 147 8
 139 0 87 0 147 8
 101 0 127 0 253 8
 101 0 127 0 253 8
 130 0 36 0 212 8
 130 0 62 0 166 8
 121 0 62 0 166 8
 121 0 80 0 223 8
 121 0 80 0 223 8
 136 0 237 255 200 8
 136 0 12 0 95 8
 173 0 12 0 95 8
 184 0 20 0 90 8
 184 0 20 0 83 8
 204 0 217 255 83 8
 204 0 11 0 61 8
 190 0 11 0 61 8
 186 0 13 0 29 8
 186 0 13 0 112 8
 190 0 242 255 112 8
 171 0 45 0 38 8
 171 0 45 0 38 8
 156 0 30 0 13 8
 156 0 22 0 145 8
 122 0 22 0 145 8
 158 0 105 0 16 8
 158 0 105 0 9 8
 151 0 50 0 9 8
 151 0 72 0 43 8
 144 0 72 0 43 8
 165 0 150 0 250 7
 165 0 150 0 244 7
 166 0 58 0 244 7
 166 0 85 0 203 7
 200 0 85 0 203 7
 178 0 134 0 241 7
 178 0 134 0 24 8
 167 0 41 0 24 8
 167 0 80 0 236 7
 169 0 80 0 236 7
 190 0 102 0 215 7
 190 0 102 0 208 7
 221 0 18 0 208 7
 221 0 48 0 178 7
 207 0 48 0 178 7
 232 0 51 0 140 7
 232 0 51 0 164 7
 244 0 5 0 164 7
 244 0 61 0 105 7
 230 0 61 0 105 7
 224 0 35 0 88 7
 224 0 35 0 212 7
 176 0 28 0 212 7
 176 0 126 0 158 7
 199 0 126 0 158 7
 180 0 57 0 156 7
 180 0 57 0 214 7
 191 0 67 0 214 7
 191 0 166 0 1 8
 150 0 166 0 1 7
 157 0 72 0 238 7
 157 0 72 0 152 7
 194 0 75 0 152 7
 207 0 129 0 120 7
 207 0 129 0 120 7
 236 0 47 0 105 7
 236 0 47 0 94 7
 216 0 59 0 94 7
 245 0 77 0 54 7
 245 0 77 0 54 7
 226 0 23 0 141 7
 226 0 73 0 83 7
 221 0 73 0 83 7
 191 0 58 0 111 7
 191 0 58 0 191 7
 177 0 45 0 191 7
 177 0 131 0 113 7
 212 0 131 0 113 7
 194 0 84 0 82 7
 194 0 84 0 115 7
 219 0 87 0 115 7
 219 0 168 0 173 7
 170 0 168 0 173 7
 192 0 96 0 94 7
 192 0 96 0 207 6
 15 1 84 0 207 6
 15 1 132 0 237 6
 14 1 132 0 237 6
 53 1 68 0 177 6
 53 1 68 0 190 6
 25 1 66 0 190 6
 25 1 82 0 164 6
 59 1 82 0 164 6
 251 0 38 0 70 7
 251 0 38 0 150 7
 196 0 88 0 150 7
 196 0 74 0 139 7
 176 0 74 0 139 8
 148 0 69 0 11 8
 148 0 69 0 63 8
 143 0 143 0 63 8
 143 0 90 0 3 8
 132 0 90 0 3 8
 130 0 77 0 17 8
 130 0 77 0 170 8
 84 0 139 0 170 8
 84 0 83 0 252 7
 141 0 83 0 252 7
 141 0 57 0 241 7
 141 0 57 0 251 7
 154 0 90 0 251 7
 144 0 41 0 35 8
 144 0 41 0 35 8
 69 0 62 0 106 8
 69 0 64 0 122 8
 71 0 64 0 122 8
 1 0 52 0 12 9
 1 0 52 0 235 8
 12 0 121 0 235 8
 12 0 68 0 255 8
 254 255 68 0 255 8
 4 0 62 0 194 8
 4 0 62 0 225 8
 15 0 120 0 225 8
 15 0 60 0 95 8
 47 0 60 0 95 8
 72 0 67 0 16 8
 72 0 67 0 217 7
 92 0 105 0 217 7
 92 0 67 0 12 8
 85 0 67 0 12 8
 63 0 112 0 196 7
 63 0 112 0 191 7
 48 0 106 0 191 7
 48 0 96 0 76 8
 34 0 96 0 76 8
 60 0 185 0 181 7
 60 0 185 0 250 7
 28 0 130 0 250 7
 28 0 115 0 177 7
 59 0 115 0 177 7
 74 0 174 0 160 7
 74 0 174 0 9 7
 130 0 122 0 9 7
 130 0 118 0 29 7
 115 0 118 0 29 6
 153 0 151 0 234 6
 153 0 151 0 74 7
 101 0 124 0 74 7
 101 0 157 0 111 7
 101 0 157 0 111 7
 49 0 140 0 147 7
 49 0 140 0 225 7
 62 0 118 0 225 7
 58 0 180 0 7 8
 58 0 180 0 7 7
 79 0 115 0 193 7
 79 0 88 0 188 7
 98 0 88 0 188 7
 74 0 127 0 41 8
 74 0 127 0 201 7
 117 0 82 0 201 7
 117 0 78 0 253 7
 72 0 78 0 253 7
 123 0 88 0 201 7
 123 0 88 0 157 8
 31 0 68 0 157 8
 31 0 129 0 89 8
 51 0 129 0 89 8
 60 0 77 0 130 8
 60 0 77 0 57 8
 72 0 50 0 57 8
 72 0 105 0 88 8
 76 0 105 0 88 8
 136 0 43 0 201 7
 136 0 43 0 205 7
 126 0 47 0 205 7
 126 0 67 0 107 7
 174 0 67 0 107 7
 155 0 47 0 179 7
 155 0 47 0 136 7
 170 0 93 0 136 7
 170 0 58 0 210 7
 131 0 58 0 210 7
 219 0 37 0 131 7
 219 0 37 0 10 8
 150 0 96 0 10 8
 150 0 49 0 127 7
 224 0 49 0 127 7
 189 0 32 0 214 7
 189 0 32 0 168 7
 213 0 56 0 168 7
 213 0 33 0 11 8
 176 0 33 0 11 8
 159 0 74 0 21 8
 159 0 26 0 123 8
 141 0 26 0 123 8
 139 0 12 0 56 8
 139 0 12 0 93 8
 118 0 64 0 93 8
 118 0 26 0 89 8
 116 0 26 0 89 8
 85 0 35 0 130 8
 85 0 35 0 59 8
 101 0 27 0 59 8
 101 0 6 0 50 8
 98 0 6 0 50 8
 133 0 51 0 251 7
 133 0 51 0 247 7
 126 0 4 0 247 7
 126 0 3 0 6 8
 148 0 3 0 6 8
 124 0 47 0 41 8
 124 0 47 0 20 8
 139 0 20 0 20 8
 139 0 37 0 91 8
 137 0 37 0 91 8
 131 0 3 0 79 8
 131 0 3 255 23 8
 151 0 237 255 23 8
 129 0 39 0 43 8
 129 0 39 0 43 8
 139 0 238 255 98 8
 139 0 238 255 137 8
 81 0 253 255 137 8
 97 0 21 0 57 8
 97 0 21 0 57 8
 91 0 251 255 105 8
 91 0 29 0 231 7
 144 0 29 0 231 7
 139 0 250 255 9 8
 139 0 250 255 9 7
 159 0 234 255 228 7
 159 0 22 0 22 8
 156 0 22 0 22 8
 136 0 17 0 26 8
 136 0 17 0 133 8
 97 0 24 0 133 8
 97 0 22 0 108 8
 107 0 22 0 108 8
 116 0 1 0 29 8
 116 0 1 0 243 7
 153 0 54 0 243 7
 153 0 8 0 13 8
 149 0 8 0 13 8
 130 0 5 0 87 8
 130 0 5 0 58 8
 118 0 47 0 58 8
 118 0 35 0 88 8
 117 0 35 0 88 8
 140 0 62 0 61 8
 140 0 62 0 45 8
 129 0 24 0 45 8
 129 0 13 0 239 7
 175 0 13 0 239 8
 143 0 60 0 39 8
 143 0 60 0 40 8
 170 0 24 0 40 8
 135 0 52 0 146 8
 135 0 52 0 146 8
 149 0 40 0 122 8
 149 0 40 0 120 8
 148 0 6 0 120 8
 155 0 69 0 67 8
 155 0 69 0 67 8
 171 0 16 0 75 8
 171 0 26 0 176 8
 105 0 26 0 176 8
 129 0 59 0 125 8
 129 0 59 0 177 8
 104 0 45 0 177 8
 104 0 81 0 131 8
 140 0 81 0 131 8
 130 0 35 0 151 8
 130 0 35 0 65 8
 148 0 39 0 65 8
 148 0 87 0 64 8
 159 0 87 0 64 8
 136 0 58 0 95 8
 136 0 58 0 159 8
 140 0 74 0 159 8
 140 0 71 0 142 8
 145 0 71 0 142 8
 167 0 54 0 67 8
 167 0 54 0 89 8
 146 0 106 0 89 8
 146 0 76 0 18 8
 178 0 76 0 18 8
 135 0 75 0 139 8
 135 0 75 0 101 8
 133 0 114 0 101 8
 133 0 78 0 171 8
 134 0 78 0 171 8
 166 0 127 0 56 8
 166 0 127 0 79 8
 155 0 93 0 79 8
 155 0 85 0 40 8
 170 0 85 0 40 8
 171 0 122 0 4 8
 171 0 122 0 110 8
 128 0 109 0 110 8
 106 0 126 0 188 8
 106 0 126 0 188 8
 128 0 101 0 170 8
 128 0 95 0 105 8
 127 0 95 0 105 8
 150 0 148 0 64 8
 150 0 148 0 92 8
 148 0 106 0 92 8
 148 0 123 0 155 8
 127 0 123 0 155 8
 128 0 129 0 160 8
 128 0 129 0 87 8
 148 0 107 0 87 8
 148 0 151 0 7 8
 191 0 151 0 7 8
 155 0 117 0 42 8
 155 0 117 0 118 8
 129 0 136 0 118 8
 129 0 144 0 157 8
 115 0 144 0 157 8
 127 0 116 0 103 8
 127 0 116 0 45 8
 127 0 154 0 45 8
 127 0 122 0 57 8
 105 0 122 0 57 8
 99 0 130 0 144 8
 99 0 130 0 111 8
 84 0 120 0 111 8
 84 0 128 0 144 8
 82 0 128 0 144 8
 69 0 146 0 128 8
 69 0 146 0 112 8
 86 0 113 0 112 8
 86 0 142 0 139 8
 84 0 142 0 139 8
 103 0 111 0 59 8
 103 0 111 0 126 8
 102 0 113 0 126 8
 102 0 130 0 43 8
 81 0 130 0 43 8
 110 0 97 0 2 8
 110 0 97 0 35 8
 107 0 131 0 35 8
 127 0 88 0 43 8
 127 0 88 0 43 8
 105 0 105 0 92 8
 105 0 105 0 30 8
 107 0 129 0 30 8
 130 0 101 0 21 8
 130 0 101 0 21 7
 123 0 135 0 236 7
 123 0 100 0 250 7
 138 0 100 0 250 7
 135 0 112 0 3 8
 135 0 112 0 64 8
 119 0 114 0 64 8
 119 0 85 0 244 7
 152 0 85 0 244 7
 172 0 137 0 155 7
 172 0 137 0 185 7
 184 0 95 0 185 7
 184 0 110 0 11 8
 137 0 110 0 11 8
 164 0 93 0 16 8
 164 0 93 0 222 7
 171 0 82 0 222 7
 171 0 111 0 120 7
 213 0 111 0 120 7
 170 0 70 0 239 7
 170 0 70 0 223 7
 171 0 79 0 223 7
 171 0 70 0 38 8
 159 0 70 0 38 8
 157 0 60 0 246 7
 157 0 60 0 200 7
 187 0 79 0 200 7
 187 0 49 0 215 7
 145 0 49 0 215 8
 146 0 71 0 7 8
 146 0 71 0 87 8
 126 0 43 0 87 8
 126 0 31 0 41 8
 137 0 31 0 41 7
 124 0 73 0 238 7
 124 0 73 0 206 7
 129 0 38 0 206 7
 129 0 42 0 70 8
 122 0 42 0 70 8
 103 0 11 0 73 8
 103 0 11 0 65 8
 97 0 22 0 65 8
 70 0 48 0 20 8
 70 0 48 0 20 8
 56 0 13 0 71 8
 56 0 21 0 89 8
 75 0 21 0 89 8
 67 0 1 0 66 8
 67 0 1 0 66 8
 75 0 247 255 85 8
 75 0 26 0 78 8
 46 0 26 0 78 8
 87 0 227 255 37 8
 87 0 227 255 28 8
 75 0 19 0 28 8
 75 0 241 255 234 7
 109 0 241 255 234 7
 85 0 239 255 106 8
 85 0 239 255 41 8
 79 0 5 0 41 8
 79 0 241 255 0 8
 93 0 241 255 0 8
 127 0 11 0 175 7
 127 0 11 0 6 8
 120 0 233 255 6 8
 120 0 238 255 47 8
 115 0 238 255 47 8
 108 0 8 0 21 8
 108 0 8 0 238 7
 142 0 239 255 238 7
 142 0 23 0 200 7
 142 0 23 0 200 7
 181 0 232 255 186 7
 181 0 232 0 1 8
 134 0 6 0 1 8
 134 0 249 255 12 8
 153 0 249 255 12 8
 151 0 235 255 20 8
 151 0 235 0 116 7
 207 0 14 0 116 7
 179 0 1 0 172 7
 179 0 1 0 172 7
 164 0 0 0 238 7
 164 0 0 255 88 8
 154 0 249 255 88 8
 166 0 234 255 1 8
 166 0 234 255 1 7
 183 0 23 0 189 7
 183 0 237 255 189 7
 200 0 237 255 189 7
 161 0 8 0 56 8
 161 0 8 0 94 8
 160 0 236 255 94 8
 160 0 247 255 80 8
 127 0 247 255 80 8
 160 0 18 0 0 8
 160 0 18 0 85 8
 113 0 242 255 85 8
 113 0 253 255 86 8
 151 0 253 255 86 8
 102 0 246 255 140 8
 102 0 246 255 106 8
 114 0 236 255 106 8
 114 0 17 0 112 8
 93 0 17 0 112 8
 102 0 241 255 64 8
 102 0 241 255 141 8
 80 0 17 0 141 8
 80 0 242 255 101 8
 90 0 242 255 101 8
 72 0 244 255 184 8
 72 0 244 0 125 8
 52 0 17 0 125 8
 52 0 252 255 98 8
 49 0 252 255 98 8
 84 0 21 0 82 8
 84 0 21 0 120 8
 70 0 3 0 120 8
 70 0 255 255 117 8
 94 0 255 255 117 8
 62 0 40 0 70 8
 62 0 40 0 40 8
 91 0 6 0 40 8
 91 0 52 0 48 8
 88 0 52 0 48 8
 122 0 14 0 12 8
 122 0 14 0 90 8
 95 0 42 0 90 8
 107 0 59 0 56 8
 107 0 59 0 56 8
 142 0 47 0 23 8
 142 0 91 0 164 7
 169 0 91 0 164 7
 185 0 65 0 172 7
 185 0 65 0 216 7
 178 0 82 0 216 7
 178 0 82 0 73 8
 152 0 82 0 73 8
 175 0 66 0 5 8
 175 0 66 0 144 7
 200 0 111 0 144 7
 200 0 95 0 166 7
 201 0 95 0 166 8
 160 0 111 0 11 8
 160 0 111 0 100 8
 150 0 107 0 100 8
 150 0 100 0 70 8
 131 0 100 0 70 7
 162 0 152 0 202 7
 162 0 152 0 254 7
 156 0 112 0 254 7
 109 0 147 0 106 8
 109 0 147 0 106 8
 102 0 125 0 176 8
 102 0 136 0 157 8
 75 0 136 0 157 8
 118 0 173 0 60 8
 118 0 173 0 60 8
 64 0 140 0 164 8
 64 0 153 0 154 8
 86 0 153 0 154 8
 54 0 145 0 211 8
 54 0 145 0 186 8
 52 0 137 0 186 8
 52 0 168 0 152 8
 59 0 168 0 152 8
 37 0 129 0 162 8
 37 0 129 0 203 8
 48 0 151 0 203 8
 48 0 130 0 200 8
 31 0 130 0 200 8
 34 0 120 0 216 8
 34 0 120 0 198 8
 14 0 145 0 198 8
 14 0 113 0 190 8
 13 0 113 0 190 8
 30 0 144 0 189 8
 30 0 144 0 141 8
 52 0 115 0 141 8
 52 0 110 0 209 8
 45 0 110 0 209 8
 26 0 130 0 161 8
 26 0 130 0 129 8
 55 0 93 0 129 8
 55 0 127 0 124 8
 69 0 127 0 124 8
 81 0 90 0 136 8
 81 0 90 0 148 8
 107 0 95 0 148 8
 107 0 109 0 101 8
 94 0 109 0 101 8
 119 0 92 0 46 8
 119 0 92 0 4 8
 140 0 133 0 4 8
 158 0 84 0 29 8
 158 0 84 0 29 8
 167 0 97 0 28 8
 167 0 97 0 71 8
 153 0 94 0 71 8
 186 0 88 0 2 8
 186 0 88 0 2 7
 189 0 123 0 208 7
 189 0 78 0 214 7
 225 0 78 0 214 7
 192 0 100 0 5 8
 192 0 100 0 67 8
 172 0 111 0 67 8
 172 0 93 0 242 7
 204 0 93 0 242 7
 198 0 135 0 212 7
 198 0 135 0 244 7
 194 0 95 0 244 7
 194 0 113 0 43 8
 172 0 113 0 43 8
 169 0 100 0 89 8
 169 0 100 0 36 8
 181 0 95 0 36 8
 181 0 129 0 230 7
 199 0 129 0 230 7
 185 0 89 0 3 8
 185 0 89 0 74 8
 174 0 86 0 74 8
 174 0 68 0 130 8
 155 0 68 0 130 8
 148 0 50 0 95 8
 148 0 50 0 53 8
 148 0 81 0 53 8
 148 0 50 0 72 8
 119 0 50 0 72 8
 127 0 70 0 98 8
 127 0 70 0 98 8
 128 0 39 0 98 8
 128 0 37 0 133 8
 122 0 37 0 133 8
 100 0 57 0 100 8
 100 0 57 0 92 8
 89 0 30 0 92 8
 89 0 44 0 109 8
 103 0 44 0 109 8
 107 0 17 0 111 8
 107 0 17 0 128 8
 120 0 16 0 128 8
 96 0 42 0 77 8
 96 0 42 0 77 8
 108 0 4 0 47 8
 108 0 46 0 59 8
 112 0 46 0 59 8
 110 0 1 0 72 8
 110 0 1 0 72 8
 124 0 4 0 108 8
 124 0 23 0 71 8
 99 0 23 0 71 8
 107 0 6 0 26 8
 107 0 6 0 219 7
 131 0 50 0 219 7
 131 0 8 0 248 7
 129 0 8 0 248 7
 131 0 6 0 25 8
 131 0 6 0 32 8
 125 0 4 0 32 8
 125 0 241 255 216 7
 158 0 241 255 216 7
 154 0 32 0 183 7
 154 0 32 0 176 7
 176 0 245 255 176 7
 176 0 13 0 210 7
 162 0 13 0 210 7
 158 0 254 255 9 8
 158 0 254 255 191 7
 181 0 233 255 191 7
 181 0 17 0 145 7
 192 0 17 0 145 7
 192 0 236 255 194 7
 192 0 236 255 196 7
 189 0 253 255 196 7
 189 0 240 255 9 8
 180 0 240 255 9 7
 182 0 241 255 210 7
 182 0 241 0 177 7
 190 0 16 0 177 7
 190 0 238 255 241 7
 169 0 238 255 241 8
 166 0 248 255 9 8
 166 0 248 255 104 8
 142 0 228 255 104 8
 142 0 234 255 29 8
 145 0 234 255 29 8
 133 0 18 0 25 8
 133 0 18 255 5 8
 126 0 235 255 5 8
 121 0 253 255 59 8
 121 0 253 255 59 8
 96 0 216 255 158 8
 96 0 215 255 136 8
 89 0 215 255 136 8
 60 0 11 0 101 8
 60 0 11 0 73 8
 45 0 241 255 73 8
 45 0 11 0 62 8
 77 0 11 0 62 8
 34 0 250 255 126 8
 34 0 250 255 177 8
 37 0 244 255 177 8
 37 0 17 0 120 8
 24 0 17 0 120 8
 23 0 246 255 97 8
 23 0 246 255 67 8
 55 0 27 0 67 8
 55 0 13 0 32 8
 46 0 13 0 32 8
 41 0 9 0 123 8
 41 0 9 0 70 8
 36 0 29 0 70 8
 36 0 12 0 55 8
 49 0 12 0 55 8
 75 0 55 0 249 7
 75 0 55 0 215 7
 87 0 26 0 215 7
 87 0 28 0 88 8
 76 0 28 0 88 8
 83 0 39 0 19 8
 83 0 39 0 241 7
 117 0 32 0 241 7
 117 0 80 0 162 7
 133 0 80 0 162 7
 169 0 49 0 146 7
 169 0 49 0 34 8
 130 0 61 0 34 8
 130 0 46 0 29 8
 144 0 46 0 29 7
 186 0 47 0 201 7
 186 0 47 0 154 7
 183 0 100 0 154 7
 214 0 67 0 150 7
 214 0 67 0 150 7
 167 0 93 0 235 7
 167 0 93 0 52 8
 181 0 70 0 52 8
 181 0 71 0 250 7
 181 0 71 0 250 7
 187 0 115 0 206 7
 187 0 75 0 217 7
 202 0 75 0 217 7
 168 0 107 0 11 8
 170 0 79 0 94 8
 170 0 79 0 49 8
 144 0 74 0 49 8
 144 0 117 0 20 8
 139 0 117 0 20 8
 131 0 74 0 15 8
 131 0 74 0 27 8
 145 0 106 0 27 8
 145 0 82 0 125 8
 120 0 82 0 125 8
 126 0 85 0 113 8
 126 0 85 0 100 8
 131 0 118 0 100 8
 131 0 84 0 50 8
 125 0 84 0 50 8
 191 0 115 0 167 7
 191 0 115 0 26 8
 134 0 77 0 26 8
 134 0 86 0 149 8
 109 0 86 0 149 8
 102 0 95 0 199 8
 102 0 95 0 173 8
 102 0 102 0 173 8
 102 0 120 0 142 8
 112 0 120 0 142 8
 74 0 109 0 122 8
 74 0 109 0 42 8
 117 0 105 0 42 8
 117 0 70 0 14 8
 120 0 70 0 14 8
 135 0 115 0 2 8
 135 0 115 0 121 8
 84 0 98 0 121 8
 90 0 125 0 156 8
 90 0 125 0 156 8
 105 0 127 0 193 8
 105 0 122 0 115 8
 101 0 122 0 115 8
 64 0 142 0 201 8
 64 0 142 0 96 8
 81 0 109 0 96 8
 81 0 131 0 228 7
 120 0 131 0 228 7
 109 0 90 0 36 8
 109 0 90 0 7 8
 130 0 98 0 7 8
 130 0 100 0 135 8
 84 0 100 0 135 8
 70 0 118 0 223 8
 70 0 118 0 177 8
 101 0 127 0 177 8
 101 0 119 0 105 8
 104 0 119 0 105 8
 88 0 103 0 163 8
 88 0 103 0 48 8
 108 0 77 0 48 8
 108 0 101 0 253 7
 117 0 101 0 253 8
 142 0 62 0 10 8
 142 0 62 0 73 8
 108 0 93 0 73 8
 108 0 82 0 165 8
 106 0 82 0 165 8
 104 0 90 0 195 8
 104 0 90 0 198 8
 91 0 94 0 198 8
 122 0 93 0 93 8
 122 0 93 0 93 8
 95 0 102 0 97 8
 95 0 62 0 36 8
 126 0 62 0 36 8
 146 0 77 0 215 7
 146 0 77 0 0 8
 152 0 58 0 0 8
 152 0 74 0 71 8
 117 0 74 0 71 8
 128 0 85 0 86 8
 128 0 85 0 229 8
 105 0 86 0 229 8
 105 0 84 0 151 8
 132 0 84 0 151 8
 161 0 83 0 70 8
 161 0 83 0 126 8
 106 0 81 0 126 8
 106 0 47 0 16 8
 162 0 47 0 16 8
 156 0 71 0 185 7
 156 0 71 0 168 7
 195 0 38 0 168 7
 195 0 61 0 189 7
 195 0 61 0 189 7
 161 0 59 0 255 7
 161 0 59 0 150 8
 146 0 66 0 150 8
 146 0 74 0 40 8
 170 0 74 0 40 8
 179 0 56 0 78 8
 179 0 56 0 71 8
 137 0 62 0 71 8
 137 0 39 0 24 8
 167 0 39 0 24 7
 188 0 44 0 181 7
 188 0 44 0 84 7
 221 0 32 0 84 7
 221 0 56 0 123 7
 235 0 56 0 123 7
 198 0 28 0 140 7
 198 0 28 0 60 8
 152 0 57 0 60 8
 197 0 60 0 243 7
 197 0 60 0 243 7
 226 0 57 0 220 7
 226 0 57 0 8 8
 174 0 63 0 8 8
 197 0 34 0 216 7
 197 0 34 0 216 7
 188 0 46 0 205 7
 188 0 28 0 191 7
 167 0 28 0 191 7
 236 0 58 0 64 7
 236 0 58 0 140 7
 184 0 31 0 140 7
 184 0 52 0 217 7
 179 0 52 0 217 7
 140 0 44 0 4 8
 140 0 44 0 97 8
 129 0 56 0 97 8
 129 0 47 0 98 8
 146 0 47 0 98 8
 155 0 65 0 233 7
 155 0 65 0 159 8
 94 0 52 0 159 8
 94 0 26 0 62 8
 104 0 26 0 62 8
 125 0 47 0 20 8
 125 0 47 0 18 8
 108 0 14 0 18 8
 108 0 50 0 193 7
 158 0 50 0 193 7
 94 0 15 0 74 8
 94 0 15 0 193 8
 34 0 31 0 193 8
 34 0 31 0 215 8
 53 0 31 0 215 8
 85 0 23 0 176 8
 85 0 23 0 179 8
 84 0 36 0 179 8
 84 0 33 0 100 8
 79 0 33 0 100 8
 49 0 28 0 186 8
 49 0 28 0 102 8
 84 0 1 0 102 8
 84 0 21 0 32 8
 103 0 21 0 32 8
 113 0 255 255 44 8
 113 0 255 0 57 8
 102 0 19 0 57 8
 106 0 249 255 106 8
 106 0 249 255 106 8
 35 0 3 0 254 8
 35 0 15 0 199 8
 70 0 15 0 199 8
 99 0 255 255 222 8
 99 0 255 255 222 8
 102 0 8 0 180 8
 102 0 247 255 155 8
 121 0 247 255 155 8
 52 0 241 255 229 8
 52 0 241 255 129 8
 106 0 233 255 129 8
 106 0 253 255 38 8
 131 0 253 255 38 8
 135 0 249 255 3 8
 135 0 249 255 203 7
 171 0 26 0 203 7
 171 0 234 255 27 8
 149 0 234 255 27 8
 124 0 3 0 86 8
 124 0 3 0 64 8
 111 0 7 0 64 8
 111 0 15 0 176 8
 91 0 15 0 176 8
 116 0 22 0 127 8
 116 0 22 0 134 8
 125 0 0 0 134 8
 125 0 14 0 151 8
 84 0 14 0 151 8
 83 0 254 255 124 8
 83 0 254 0 83 8
 97 0 10 0 83 8
 97 0 1 0 59 8
 84 0 1 0 59 7
 159 0 26 0 176 7
 159 0 26 255 16 8
 106 0 248 255 16 8
 157 0 18 0 203 7
 157 0 18 0 203 8
 96 0 6 0 36 8
 96 0 6 0 56 8
 82 0 37 0 56 8
 126 0 44 0 10 8
 126 0 44 0 10 8
 111 0 44 0 55 8
 111 0 19 0 185 8
 94 0 19 0 185 8
 142 0 247 255 60 8
 142 0 247 255 166 8
 92 0 253 255 166 8
 92 0 2 0 80 8
 110 0 2 0 80 8
 94 0 39 0 35 8
 94 0 39 0 239 7
 128 0 31 0 239 7
 128 0 49 0 187 7
 166 0 49 0 187 7
 113 0 14 0 73 8
 113 0 14 0 107 8
 116 0 18 0 107 8
 116 0 4 0 206 7
 189 0 4 0 206 7
 118 0 30 0 72 8
 118 0 30 0 211 7
 138 0 59 0 211 7
 138 0 68 0 91 8
 107 0 68 0 91 8
 144 0 70 0 58 8
 144 0 70 0 111 8
 146 0 37 0 111 8
 146 0 30 0 255 8
 59 0 30 0 255 8
 125 0 253 255 158 8
 125 0 253 0 122 8
 105 0 34 0 122 8
 105 0 25 0 127 8
 90 0 25 0 127 7
 160 0 80 0 209 7
 160 0 80 0 14 8
 125 0 64 0 14 8
 125 0 81 0 219 7
 186 0 81 0 219 8
 104 0 49 0 104 8
 104 0 49 0 70 8
 143 0 50 0 70 8
 158 0 44 0 248 7
 158 0 44 0 248 8
 95 0 73 0 71 8
 95 0 104 0 97 8
 79 0 104 0 97 8
 78 0 124 0 103 8
 78 0 124 0 103 8
 127 0 91 0 85 9
 25 0 71 0 54 9
 25 0 71 0 178 8
 78 0 48 0 178 8
 88 0 73 0 123 8
 88 0 73 0 123 8
 94 0 76 0 81 8
 94 0 118 0 235 7
 102 0 118 0 235 7
 99 0 126 0 234 7
 99 0 126 0 157 7
 160 0 146 0 157 7
 160 0 132 0 209 7
 145 0 132 0 209 7
 100 0 116 0 86 8
 100 0 116 0 192 7
 159 0 100 0 192 7
 159 0 98 0 62 8
 112 0 98 0 62 8
 148 0 112 0 188 7
 148 0 112 0 130 8
 68 0 132 0 130 8
 68 0 155 0 90 8
 87 0 155 0 90 8
 151 0 140 0 41 8
 151 0 140 0 121 8
 115 0 124 0 121 8
 115 0 90 0 157 8
 98 0 90 0 157 8
 30 0 86 0 6 9
 30 0 86 0 213 8
 43 0 62 0 213 8
 43 0 97 0 50 8
 101 0 97 0 50 8
 30 0 94 0 130 8
 30 0 94 0 231 7
 93 0 141 0 231 7
 93 0 115 0 54 8
 56 0 115 0 54 7
 163 0 123 0 169 7
 163 0 123 0 37 8
 103 0 103 0 37 8
 86 0 96 0 95 8
 86 0 96 0 95 7
 136 0 82 0 249 7
 136 0 74 0 69 8
 87 0 74 0 69 8
 150 0 82 0 208 7
 150 0 82 0 208 8
 25 0 93 0 165 8
 25 0 97 0 164 8
 42 0 97 0 164 8
 76 0 93 0 166 8
 76 0 93 0 1 9
 73 0 70 0 1 9
 73 0 55 0 222 8
 117 0 55 0 222 8
 47 0 40 0 67 9
 47 0 40 0 192 8
 127 0 21 0 192 8
 127 0 46 0 174 8
 113 0 46 0 174 8
 167 0 19 0 107 8
 167 0 19 0 132 8
 118 0 59 0 132 8
 118 0 45 0 226 8
 56 0 45 0 226 8
 98 0 76 0 94 8
 98 0 76 0 150 8
 76 0 59 0 150 8
 76 0 91 0 230 7
 186 0 91 0 230 7
 103 0 68 0 123 8
 103 0 68 0 52 8
 150 0 76 0 52 8
 150 0 59 0 31 8
 154 0 59 0 31 7
 210 0 52 0 230 7
 210 0 52 0 76 7
 40 1 64 0 76 7
 40 0 45 0 251 7
 218 0 45 0 251 7
 247 0 51 0 199 7
 247 0 51 0 185 8
 126 0 36 0 185 8
 126 0 33 0 84 8
 192 0 33 0 84 8
 157 0 24 0 185 8
 157 0 24 0 215 8
 156 0 5 0 215 8
 104 0 1 0 61 9
 104 0 1 0 61 9
 28 0 226 255 198 9
 28 0 219 255 153 9
 51 0 219 255 153 9
 39 0 210 255 196 9
 39 0 210 255 56 9
 112 0 213 255 56 9
 112 0 214 255 184 9
 43 0 214 255 184 9
 53 0 205 255 142 9
 53 0 205 255 0 10
 245 255 232 255 0 10
 245 255 222 255 96 9
 77 0 222 255 96 9
 70 0 242 255 117 9
 70 0 242 255 103 9
 82 0 217 255 103 9
 82 0 236 255 141 9
 46 0 236 255 141 9
 79 0 194 255 97 9
 79 0 194 255 141 8
 157 0 240 255 141 8
 157 0 223 255 183 8
 143 0 223 255 183 8
 134 0 12 0 101 8
 134 0 12 0 191 8
 58 0 27 0 191 8
 58 0 56 0 42 8
 110 0 56 0 42 8
 93 0 53 0 95 8
 93 0 53 0 246 7
 156 0 54 0 246 7
 156 0 45 0 123 8
 76 0 45 0 123 8
 124 0 18 0 70 8
 124 0 18 0 18 8
 130 0 29 0 18 8
 130 0 8 0 162 7
 225 0 8 0 162 7
 228 0 40 0 93 7
 228 0 40 0 143 7
 212 0 30 0 143 7
 185 0 57 0 121 7
 185 0 57 0 121 7
 192 0 40 0 146 7
 192 0 53 0 24 7
 13 1 53 0 24 7
 219 0 40 0 151 7
 219 0 40 0 151 7
 250 0 37 0 106 7
 250 0 13 0 92 8
 124 0 13 0 92 8
 203 0 7 0 196 7
 203 0 7 0 47 8
 150 0 252 255 47 8
 150 0 245 255 138 7
 227 0 245 255 138 7
 122 0 254 255 104 8
 122 0 254 255 67 8
 115 0 239 255 67 8
 115 0 255 255 13 9
 21 0 255 255 13 9
 29 0 240 255 252 8
 29 0 240 255 15 9
 39 0 6 0 15 9
 39 0 245 255 127 9
 4 0 245 255 127 9
 11 0 10 0 113 9
 11 0 10 0 61 10
 210 255 232 255 61 10
 210 0 246 255 175 9
 0 0 246 255 175 9
 253 255 227 255 16 10
 253 255 227 255 55 9
 87 0 236 255 55 9
 87 0 239 255 186 9
 50 0 239 255 186 9
 93 0 235 255 43 9
 93 0 235 0 190 9
 255 255 4 0 190 9
 255 0 250 255 54 9
 64 0 250 255 54 9
 38 0 32 0 39 9
 38 0 32 0 218 8
 105 0 20 0 218 8
 105 0 63 0 199 8
 71 0 63 0 199 9
 68 0 22 0 2 9
 68 0 22 0 213 8
 46 0 52 0 213 8
 53 0 8 0 237 8
 53 0 8 0 237 8
 102 0 58 0 85 8
 102 0 38 0 151 8
 73 0 38 0 151 8
 120 0 83 0 249 7
 120 0 83 0 249 8
 233 255 68 0 241 8
 233 255 91 0 72 8
 48 0 91 0 72 8
 191 255 98 0 17 9
 191 255 98 0 26 8
 66 0 116 0 26 8
 66 0 129 0 143 8
 7 0 129 0 143 8
 90 0 138 0 233 7
 90 0 138 0 24 8
 63 0 156 0 24 8
 63 0 137 0 242 7
 98 0 137 0 242 7
 117 0 150 0 206 7
 117 0 150 0 219 7
 132 0 114 0 219 7
 132 0 138 0 83 7
 193 0 138 0 83 7
 187 0 109 0 166 7
 187 0 109 0 255 6
 9 1 122 0 255 6
 9 0 101 0 223 7
 197 0 101 0 223 7
 246 0 105 0 78 7
 246 0 105 0 81 8
 144 0 86 0 81 8
 144 0 71 0 12 8
 166 0 71 0 12 8
 56 0 72 0 212 8
 56 0 72 0 160 8
 73 0 54 0 160 8
 73 0 72 0 186 8
 22 0 72 0 186 8
 39 0 54 0 202 8
 39 0 54 0 179 8
 24 0 88 0 179 8
 15 0 59 0 10 9
 15 0 59 0 10 8
 5 0 81 0 224 8
 5 0 81 0 78 9
 244 255 38 0 78 9
 24 0 39 0 247 8
 24 0 39 0 247 9
 252 255 12 0 96 9
 252 255 15 0 240 8
 75 0 15 0 240 8
 247 255 21 0 163 9
 247 255 21 0 59 9
 76 0 19 0 59 9
 76 0 26 0 6 10
 235 255 26 0 6 10
 42 0 14 0 155 9
 42 0 14 0 76 10
 213 255 20 0 76 10
 213 255 6 0 194 9
 18 0 6 0 194 9
 212 255 22 0 62 10
 212 255 22 0 164 9
 12 0 23 0 164 9
 12 255 50 0 248 9
 229 255 50 0 248 9
 42 0 61 0 71 9
 42 0 61 0 142 9
 13 0 86 0 142 9
 107 0 96 0 200 8
 107 0 96 0 200 9
 59 0 114 0 44 9
 59 0 107 0 105 8
 167 0 107 0 105 8
 94 0 110 0 242 8
 94 0 110 0 110 8
 193 0 83 0 110 8
 193 0 87 0 243 8
 121 0 87 0 243 8
 204 0 60 0 149 8
 204 0 60 0 192 8
 168 0 83 0 192 8
 168 0 58 0 185 8
 200 0 58 0 185 8
 184 0 80 0 226 8
 184 0 80 0 13 9
 168 0 50 0 13 9
 168 0 83 0 48 9
 137 0 83 0 48 9
 116 0 59 0 91 9
 116 0 59 0 106 9
 89 0 88 0 106 9
 89 0 80 0 63 9
 115 0 80 0 63 9
 110 0 119 0 22 9
 110 0 119 0 234 8
 148 0 119 0 234 8
 148 0 149 0 17 9
 99 0 149 0 17 9
 156 0 132 0 226 8
 156 0 132 0 255 8
 114 0 135 0 255 8
 114 0 98 0 179 8
 176 0 98 0 179 8
 165 0 114 0 130 8
 165 0 114 0 98 8
 205 0 80 0 98 8
 205 0 108 0 95 8
 197 0 108 0 95 8
 215 0 82 0 77 8
 215 0 82 0 207 8
 162 0 94 0 207 8
 181 0 74 0 158 8
 181 0 74 0 158 9
 127 0 75 0 29 9
 127 0 65 0 150 8
 182 0 65 0 150 8
 140 0 69 0 225 8
 140 0 69 0 225 8
 201 0 76 0 78 8
 201 0 97 0 154 8
 142 0 97 0 154 8
 201 0 110 0 30 8
 201 0 110 0 149 8
 133 0 119 0 149 8
 133 0 112 0 68 8
 180 0 112 0 68 8
 135 0 103 0 165 8
 135 0 103 0 57 8
 197 0 80 0 57 8
 197 0 48 0 158 8
 165 0 48 0 158 8
 203 0 46 0 54 8
 203 0 46 0 211 8
 163 0 21 0 211 8
 163 0 45 0 87 8
 194 0 45 0 87 8
 142 0 12 0 31 9
 142 0 12 0 219 8
 157 0 26 0 219 8
 157 0 252 255 135 9
 95 0 252 255 135 9
 90 0 253 255 120 9
 90 0 253 255 253 9
 23 0 221 255 253 9
 23 255 226 255 26 10
 255 255 226 255 26 10
 220 255 209 255 49 10
 220 255 209 255 37 10
 202 255 224 255 37 10
 202 255 216 255 208 9
 210 255 216 255 208 9
 188 255 237 255 188 9
 188 255 237 255 102 9
 220 255 231 255 102 9
 212 255 255 255 51 9
 212 255 255 255 51 8
 253 255 249 255 243 8
 253 255 249 0 169 8
 15 0 11 0 169 8
 60 0 6 0 114 8
 60 0 6 0 114 8
 59 0 255 255 118 8
 59 0 243 255 11 8
 110 0 243 255 11 8
 110 0 235 255 36 8
 110 0 235 255 121 7
 185 0 239 255 121 7
 185 0 209 255 216 7
 170 0 209 255 216 7
 234 0 221 255 62 7
 234 0 221 255 166 7
 204 0 206 255 166 7
 204 0 228 255 108 7
 216 0 228 255 108 7
 176 0 227 255 227 7
 176 0 227 255 53 8
 146 0 245 255 53 8
 146 0 252 255 91 8
 133 0 252 255 91 8
 114 0 234 255 211 8
 114 0 234 255 197 8
 123 0 236 255 197 8
 123 0 217 255 81 9
 101 0 217 255 81 9
 106 0 228 255 59 9
 106 0 228 255 129 9
 96 0 218 255 129 9
 96 0 230 255 73 9
 112 0 230 255 73 9
 59 0 230 255 171 9
 59 0 230 255 134 9
 64 0 246 255 134 9
 64 0 243 255 228 9
 4 0 243 255 228 9
 20 0 244 255 192 9
 20 0 244 255 229 9
 223 255 245 255 229 9
 223 255 234 255 220 9
 224 255 234 255 220 9
 215 255 235 255 200 9
 215 255 235 255 233 9
 193 255 218 255 233 9
 230 255 226 255 164 9
 230 255 226 255 164 9
 203 255 218 255 165 9
 203 255 230 255 113 9
 219 255 230 255 113 9
 223 255 238 255 53 9
 223 255 238 255 53 9
 245 255 229 255 9 9
 245 255 229 255 154 8
 24 0 229 255 154 8
 54 0 224 255 99 8
 54 0 224 255 234 7
 124 0 231 255 234 7
 124 0 230 255 166 7
 142 0 230 255 166 7
 208 0 5 0 56 7
 208 0 5 0 18 7
 213 0 11 0 18 7
 213 0 36 0 184 6
 252 0 36 0 184 6
 229 0 58 0 189 6
 229 0 58 0 137 6
 240 0 80 0 137 6
 240 0 92 0 139 6
 239 0 92 0 139 6
 216 0 108 0 172 6
 216 0 108 0 124 6
 5 1 131 0 124 6
 5 0 153 0 244 6
 196 0 153 0 244 6
 244 0 178 0 177 6
 244 0 178 0 112 7
 160 0 190 0 112 7
 160 0 208 0 63 7
 195 0 208 0 63 7
 166 0 213 0 137 7
 166 0 213 0 177 7
 149 0 216 0 177 7
 149 0 210 0 220 7
 153 0 210 0 220 8
 128 0 200 0 8 8
 128 0 200 0 8 8
 154 0 196 0 8 8
 130 0 184 0 47 8
 130 0 184 0 14 8
 152 0 188 0 14 8
 152 0 177 0 53 8
 139 0 177 0 53 8
 133 0 165 0 48 8
 133 0 165 0 68 8
 172 0 135 0 68 8
 172 0 114 0 42 8
 169 0 114 0 42 8
 200 0 108 0 32 8
 200 0 108 0 54 8
 178 0 81 0 54 8
 178 0 102 0 38 8
 181 0 102 0 38 8
 154 0 78 0 100 8
 154 0 78 0 105 8
 135 0 95 0 105 8
 122 0 70 0 172 8
 122 0 70 0 172 8
 97 0 67 0 247 8
 97 0 56 0 210 8
 140 0 56 0 210 8
 111 0 41 0 62 9
 111 0 41 0 218 8
 165 0 49 0 218 8
 165 0 33 0 115 9
 128 0 33 0 115 9
 152 0 56 0 42 9
 152 0 56 0 153 9
 135 0 36 0 153 9
 135 0 55 0 101 9
 135 0 55 0 101 9
 146 0 49 0 119 9
 146 0 49 0 186 9
 87 0 50 0 186 9
 87 0 45 0 195 9
 104 0 45 0 195 9
 57 0 22 0 26 10
 57 0 22 0 235 9
 79 0 22 0 235 9
 79 0 0 0 14 10
 68 0 0 0 14 10
 86 0 4 0 159 9
 86 0 4 255 248 9
 58 0 231 255 248 9
 58 0 221 255 139 9
 80 0 221 255 139 9
 112 0 199 255 129 9
 112 0 199 255 32 9
 138 0 166 255 32 9
 138 0 171 255 229 8
 150 0 171 255 229 9
 126 0 145 255 2 9
 126 0 145 255 181 8
 122 0 166 255 181 8
 79 0 149 255 255 8
 79 0 149 255 255 9
 42 0 173 255 13 9
 42 0 162 255 245 8
 66 0 162 255 245 8
 38 0 165 255 95 9
 38 0 165 255 95 8
 147 0 165 255 214 8
 147 0 162 255 90 9
 181 0 162 255 90 9
 66 1 187 255 198 8
 66 1 187 255 5 9
 170 1 186 255 5 9
 170 1 221 255 193 8
 14 2 221 255 193 8
 122 2 246 255 206 8
 122 2 246 255 197 8
 187 2 254 255 197 8
 187 2 14 0 160 8
 13 3 14 0 160 8
 63 3 19 0 133 8
 63 3 19 0 25 8
 113 3 19 0 25 8
 113 3 16 0 200 7
 169 3 16 0 200 7
 218 3 23 0 37 7
 218 3 23 0 249 6
 239 3 34 0 249 6
 239 3 18 0 228 6
 209 3 18 0 228 6
 187 3 35 0 111 6
 187 3 35 0 30 6
 181 3 56 0 30 6
 181 3 76 0 233 5
 135 3 76 0 233 5
 128 3 72 0 169 5
 128 3 72 0 228 5
 43 3 108 0 228 5
 42 3 88 0 181 5
 42 3 88 0 181 5
 223 2 101 0 254 5
 223 2 101 0 245 5
 204 2 101 0 245 5
 144 2 101 0 23 6
 144 2 101 0 23 6
 91 2 112 0 57 6
 91 2 124 0 13 6
 89 2 124 0 13 6
 66 2 142 0 200 5
 66 2 142 0 152 5
 62 2 150 0 152 5
 62 2 148 0 80 5
 81 2 148 0 80 5
 80 2 141 0 11 5
 80 2 141 0 186 4
 75 2 168 0 186 4
 75 2 169 0 181 4
 49 2 169 0 181 4
 6 2 181 0 245 4
 6 2 181 0 187 4
 244 1 186 0 187 4
 244 1 205 0 116 5
 161 1 205 0 116 5
 158 1 205 0 78 5
 158 1 205 0 104 5
 130 1 208 0 104 5
 130 1 211 0 133 5
 101 1 211 0 133 5
 141 1 211 0 2 5
 141 1 211 0 55 5
 120 1 205 0 55 5
 120 1 197 0 163 4
 143 1 197 0 163 4
 137 1 215 0 164 4
 137 1 215 0 139 4
 128 1 211 0 139 4
 128 1 230 0 63 4
 152 1 230 0 63 4
 138 1 244 0 75 4
 138 1 244 1 160 4
 88 1 3 1 160 4
 88 1 241 0 216 4
 86 1 241 0 216 5
 20 1 253 0 53 5
 20 1 253 0 66 5
 38 1 233 0 66 5
 55 1 226 0 0 5
 55 1 226 0 0 4
 100 1 214 0 171 4
 100 1 202 0 103 4
 108 1 202 0 103 4
 143 1 208 0 12 4
 143 1 208 0 12 4
 131 1 194 0 85 4
 131 1 208 0 250 3
 160 1 208 0 250 3
 153 1 196 0 59 4
 153 1 196 0 130 4
 112 1 209 0 130 4
 112 1 166 0 187 4
 123 1 166 0 187 4
 94 1 165 0 32 5
 94 1 165 0 90 5
 68 1 141 0 90 5
 68 1 104 0 67 5
 115 1 104 0 67 5
 113 1 109 0 32 5
 113 1 109 0 15 5
 121 1 89 0 15 5
 121 1 119 0 243 4
 106 1 119 0 243 4
 80 1 104 0 41 5
 80 1 104 0 162 5
 32 1 109 0 162 5
 32 1 77 0 150 5
 33 1 77 0 150 5
 254 0 80 0 35 6
 254 0 80 0 165 6
 187 0 77 0 165 6
 187 0 46 0 167 6
 225 0 46 0 167 6
 194 0 39 0 225 6
 194 0 39 0 155 6
 222 0 9 0 155 6
 222 0 30 0 87 6
 255 0 30 0 87 6
 240 0 39 0 135 6
 240 0 39 0 169 6
 252 0 43 0 169 6
 181 0 56 0 89 7
 181 0 56 0 89 7
 166 0 73 0 181 7
 166 0 73 0 20 8
 158 0 34 0 20 8
 168 0 63 0 24 8
 168 0 63 0 24 8
 120 0 59 0 130 8
 120 0 73 0 70 8
 141 0 73 0 70 8
 152 0 79 0 69 8
 152 0 79 0 69 7
 161 0 78 0 226 7
 161 0 118 0 137 7
 184 0 118 0 137 7
 166 0 136 0 82 7
 166 0 136 0 137 7
 137 0 156 0 137 7
 137 0 150 0 133 7
 122 0 150 0 133 7
 80 0 181 0 219 7
 80 0 181 0 237 7
 92 0 159 0 237 7
 92 0 142 0 124 7
 144 0 142 0 124 7
 165 0 134 0 99 7
 165 0 134 0 203 6
 208 0 112 0 203 6
 208 0 114 0 140 6
 246 0 114 0 140 6
 7 1 97 0 96 6
 7 1 97 0 18 6
 30 1 111 0 18 6
 30 0 101 0 88 6
 253 0 101 0 88 6
 205 0 125 0 143 6
 205 0 125 0 250 6
 200 0 74 0 250 6
 200 0 86 0 10 7
 174 0 86 0 10 7
 177 0 67 0 67 7
 177 0 67 0 215 6
 217 0 58 0 215 6
 217 0 66 0 170 6
 229 0 66 0 170 6
 229 0 48 0 123 6
 229 0 48 0 57 6
 226 0 90 0 57 6
 187 0 83 0 151 6
 187 0 83 0 151 7
 99 0 111 0 36 7
 99 0 67 0 59 7
 115 0 67 0 59 7
 18 0 77 0 250 7
 18 0 77 0 250 8
 242 255 60 0 81 8
 242 255 26 0 71 8
 4 0 26 0 71 8
 255 255 23 0 81 8
 255 255 23 0 250 7
 39 0 248 255 250 7
 39 0 3 0 201 7
 36 0 3 0 201 7
 38 0 0 0 241 7
 38 0 0 0 104 8
 13 0 20 0 104 8
 13 0 4 0 193 8
 6 0 4 0 193 8
 245 255 20 0 40 9
 245 255 20 0 150 9
 203 255 8 0 150 9
 203 255 21 0 89 9
 252 255 21 0 89 9
 236 255 33 0 89 9
 236 255 33 0 241 8
 28 0 41 0 241 8
 28 0 75 0 86 8
 56 0 75 0 86 8
 22 0 82 0 136 8
 22 0 82 0 174 8
 248 255 120 0 174 8
 248 0 87 0 160 8
 19 0 87 0 160 9
 238 255 98 0 20 9
 238 255 98 0 227 8
 1 0 72 0 227 8
 65 0 46 0 133 8
 65 0 46 0 133 8
 116 0 68 0 13 8
 116 0 68 0 172 7
 159 0 52 0 172 7
 134 0 88 0 209 7
 134 0 88 0 209 7
 122 0 52 0 145 7
 122 0 70 0 39 8
 62 0 70 0 39 8
 62 0 24 0 49 8
 62 0 24 0 67 8
 86 0 3 0 67 8
 86 0 241 255 161 8
 58 0 241 255 161 8
 119 0 208 255 243 7
 119 0 208 255 223 7
 126 0 236 255 223 7
 126 0 230 255 231 7
 76 0 230 255 231 7
 92 0 242 255 39 8
 92 0 242 255 114 8
 71 0 206 255 114 8
 71 0 232 255 186 8
 88 0 232 255 186 8
 38 0 218 255 96 9
 38 0 218 255 53 9
 67 0 213 255 53 9
 67 0 238 255 34 9
 98 0 238 255 34 9
 80 0 245 255 22 9
 80 0 245 255 188 8
 114 0 51 0 188 8
 114 0 21 0 180 8
 82 0 21 0 180 8
 33 0 65 0 52 9
 33 0 65 0 43 9
 43 0 41 0 43 9
 43 0 32 0 19 9
 77 0 32 0 19 8
 111 0 22 0 245 8
 111 0 22 0 98 8
 162 0 14 0 98 8
 162 0 43 0 136 8
 140 0 43 0 136 8
 121 0 10 0 33 8
 115 0 25 0 82 8
 95 0 231 255 125 8
 95 0 231 255 94 8
 148 0 219 255 94 8
 148 0 199 255 179 8
 138 0 199 255 179 8
 185 0 179 255 56 8
 185 0 179 255 65 8
 204 0 221 255 65 8
 204 0 229 255 145 8
 120 0 229 255 145 8
 148 0 21 0 128 8
 148 0 21 255 183 8
 113 0 240 255 183 8
 113 0 25 0 28 9
 77 0 25 0 28 9
 63 0 12 0 45 9
 63 0 12 0 217 8
 71 0 13 0 217 8
 71 0 59 0 135 8
 112 0 59 0 135 7
 139 0 72 0 247 7
 139 0 119 0 239 7
 137 0 119 0 239 7
 170 0 77 0 75 7
 170 0 77 0 75 7
 118 0 96 0 239 7
 118 0 55 0 22 8
 100 0 55 0 22 8
 142 0 31 0 216 7
 142 0 31 0 109 8
 95 0 21 0 109 8
 95 0 255 255 228 7
 116 0 255 255 228 7
 114 0 31 0 249 7
 114 0 31 0 239 7
 75 0 6 0 239 7
 75 0 28 0 8 8
 109 0 28 0 8 8
 78 0 238 255 145 8
 78 0 238 255 215 8
 86 0 4 0 215 8
 86 0 249 255 1 9
 92 0 249 255 1 9
 72 0 4 0 215 8
 72 0 4 0 132 8
 89 0 79 0 132 8
 89 0 78 0 55 8
 53 0 78 0 55 8
 47 0 127 0 106 8
 47 0 127 0 29 8
 85 0 85 0 29 8
 85 0 96 0 68 8
 90 0 96 0 68 8
 102 0 61 0 86 8
 102 0 61 0 185 7
 142 0 37 0 185 7
 142 0 51 0 252 7
 131 0 51 0 252 7
 88 0 36 0 205 7
 88 0 36 0 223 7
 116 0 77 0 223 7
 87 0 21 0 50 8
 87 0 21 0 50 8
 102 0 46 0 110 8
 102 0 46 255 186 8
 107 0 252 255 186 8
 82 0 8 0 177 8
 82 0 8 0 177 8
 99 0 66 0 144 8
 99 0 69 0 169 8
 23 0 69 0 169 8
 41 0 146 0 155 8
 41 0 146 0 56 8
 84 0 102 0 56 8
 84 0 114 0 83 8
 90 0 114 0 83 8
 153 0 71 0 233 7
 153 0 71 0 145 7
 174 0 65 0 145 7
 174 0 92 0 215 7
 143 0 92 0 215 7
 116 0 82 0 139 7
 116 0 82 0 209 7
 123 0 124 0 209 7
 123 0 51 0 239 7
 98 0 51 0 239 7
 162 0 50 0 182 7
 162 0 50 0 17 8
 160 0 238 255 17 8
 160 0 233 255 255 7
 178 0 233 255 255 7
 163 0 26 0 77 8
 163 0 26 0 154 8
 64 0 36 0 154 8
 64 0 116 0 231 8
 57 0 116 0 231 8
 31 0 69 0 230 8
 31 0 69 0 196 8
 50 0 92 0 196 8
 50 0 55 0 25 8
 143 0 55 0 25 7
 169 0 36 0 203 7
 169 0 36 0 249 7
 160 0 86 0 249 7
 160 0 72 0 180 7
 140 0 72 0 180 8
 120 0 104 0 42 8
 120 0 43 0 244 7
 121 0 43 0 244 7
 167 0 20 0 213 7
 167 0 20 0 213 8
 165 0 214 255 35 8
 165 0 200 255 186 7
 213 0 200 255 186 7
 204 0 245 255 44 8
 204 0 245 255 170 8
 85 0 236 255 170 8
 85 0 60 0 209 8
 90 0 60 0 209 8
 72 0 22 0 180 8
 72 0 22 0 116 8
 104 0 25 0 116 8
 104 0 251 255 28 8
 162 0 251 255 28 8
 164 0 3 0 248 7
 164 0 3 0 122 8
 85 0 71 0 122 8
 85 0 20 0 50 8
 62 0 20 0 50 8
 76 0 30 0 122 8
 76 0 30 0 104 8
 91 0 215 255 104 8
 91 0 193 255 245 7
 178 0 193 255 245 7
 177 0 182 255 83 8
 177 0 182 255 155 8
 108 0 182 255 155 8
 108 0 38 0 23 9
 59 0 38 0 23 9
 234 255 12 0 94 9
 234 255 12 0 66 9
 7 0 34 0 66 9
 7 0 5 0 178 8
 74 0 5 0 178 8
 117 0 253 255 74 8
 117 0 253 0 87 8
 76 0 66 0 87 8
 76 0 21 0 30 8
 69 0 21 0 30 8
 27 0 53 0 200 8
 27 0 53 255 175 8
 37 0 249 255 175 8
 153 0 215 255 47 8
 153 0 215 255 68 8
 162 0 198 255 68 8
 162 0 210 255 63 8
 129 0 210 255 63 8
 64 0 56 0 144 8
 64 0 56 0 198 8
 26 0 21 0 198 8
 26 0 46 0 30 9
 2 0 46 0 30 8
 86 0 254 255 154 8
 86 0 254 255 34 8
 157 0 236 255 34 8
 157 0 19 0 28 8
 137 0 19 0 28 8
 108 0 255 255 16 8
 108 0 255 0 136 8
 40 0 53 0 136 8
 43 0 254 255 146 8
 43 0 254 255 146 8
 106 0 218 255 134 8
 106 0 218 255 169 8
 132 0 186 255 169 8
 149 0 198 255 104 8
 149 0 198 255 104 8
 104 0 28 0 170 8
 104 0 255 255 241 8
 46 0 255 255 241 8
 236 255 39 0 109 9
 236 255 39 0 109 9
 31 0 254 255 20 9
 31 0 252 255 192 8
 77 0 252 255 192 8
 122 0 20 0 84 8
 122 0 20 0 116 8
 83 0 17 0 116 8
 83 0 94 0 251 8
 3 0 94 0 251 8
 8 0 26 0 221 8
 8 0 26 0 172 8
 64 0 0 0 172 8
 64 0 229 255 179 8
 93 0 229 255 179 8
 145 0 229 255 36 8
 145 0 229 255 57 8
 130 0 58 0 57 8
 130 0 41 0 165 8
 59 0 41 0 165 8
 9 0 90 0 217 8
 9 0 90 0 167 8
 38 0 70 0 167 8
 38 0 67 0 39 8
 77 0 67 0 39 8
 136 0 90 0 188 7
 136 0 90 0 148 7
 122 0 70 0 148 7
 122 0 131 0 11 8
 67 0 131 0 11 8
 73 0 65 0 26 8
 73 0 65 0 173 7
 133 0 57 0 173 7
 187 0 30 0 181 7
 187 0 30 0 181 7
 127 0 38 0 180 7
 127 0 148 0 226 7
 109 0 148 0 226 7
 35 0 141 0 54 8
 35 0 141 0 54 8
 255 255 155 0 149 8
 255 255 106 0 182 8
 24 0 106 0 182 8
 78 0 98 0 3 8
 78 0 98 0 200 7
 98 0 131 0 200 7
 98 0 106 0 196 7
 64 0 106 0 196 7
 52 0 125 0 108 8
 52 0 125 0 197 8
 29 0 75 0 197 8
 29 0 78 0 57 8
 97 0 78 0 57 8
 96 0 132 0 27 8
 96 0 132 0 244 7
 51 0 127 0 244 7
 51 0 171 0 102 8
 26 0 171 0 102 8
 255 255 115 0 204 8
 255 255 115 0 136 8
 67 0 83 0 136 8
 67 0 83 0 75 8
 80 0 83 0 75 7
 78 0 45 0 251 7
 78 0 45 0 205 8
 19 0 88 0 205 8
 19 0 57 0 246 8
 13 0 57 0 246 8
 85 0 39 0 189 8
 85 0 39 0 161 8
 93 0 46 0 161 8
 59 0 50 0 94 8
 59 0 50 0 94 8
 253 255 121 0 195 8
 253 255 121 0 205 8
 246 255 85 0 205 8
 21 0 102 0 198 8
 21 0 102 0 198 8
 68 0 82 0 111 8
 68 0 38 0 11 8
 85 0 38 0 11 8
 12 0 68 0 200 8
 12 0 68 0 188 8
 31 0 19 0 188 8
 31 0 18 0 185 8
 79 0 18 0 185 8
 128 0 14 0 107 8
 128 0 14 0 24 8
 147 0 237 255 24 8
 147 0 33 0 106 8
 136 0 33 0 106 8
 70 0 13 0 227 8
 70 0 13 0 209 8
 54 0 19 0 209 8
 54 0 43 0 148 8
 89 0 43 0 148 8
 41 0 33 0 129 8
 41 0 33 0 1 9
 0 0 86 0 1 9
 0 0 41 0 254 8
 29 0 41 0 254 8
 63 0 11 0 183 8
 63 0 11 0 171 8
 82 0 12 0 171 8
 82 0 252 255 18 8
 105 0 252 255 18 8
 99 0 53 0 140 8
 99 0 53 0 217 8
 62 0 25 0 217 8
 62 0 34 0 133 8
 98 0 34 0 133 7
 137 0 48 0 244 7
 137 0 48 0 28 8
 59 0 33 0 28 8
 22 0 78 0 210 8
 22 0 78 0 210 8
 27 0 28 0 210 8
 27 0 4 0 198 8
 73 0 4 0 198 8
 92 0 255 255 138 8
 92 0 255 255 138 7
 123 0 245 255 255 7
 123 0 46 0 134 8
 77 0 46 0 134 8
 34 0 19 0 185 8
 34 0 19 0 205 8
 44 0 30 0 205 8
 44 0 26 0 63 8
 98 0 26 0 63 8
 81 0 2 0 38 8
 81 0 2 0 180 8
 248 255 43 0 180 8
 248 0 251 255 164 8
 10 0 251 255 164 8
 77 0 6 0 119 8
 77 0 6 0 85 8
 98 0 8 0 85 8
 98 0 244 255 0 8
 100 0 244 255 0 8
 58 0 30 0 9 8
 58 0 30 255 157 8
 2 0 240 255 157 8
 244 255 2 0 167 8
 244 255 2 0 167 8
 18 0 43 0 116 8
 18 0 8 0 22 8
 43 0 8 0 22 8
 41 0 30 0 68 8
 41 0 30 0 68 8
 89 0 248 255 96 8
 89 0 225 255 237 7
 131 0 225 255 237 7
 139 0 16 0 5 8
 139 0 16 0 250 7
 84 0 6 0 250 7
 84 0 20 0 46 8
 95 0 20 0 46 8
 112 0 16 0 67 8
 112 0 16 0 248 7
 104 0 239 255 248 7
 104 0 16 0 229 7
 120 0 16 0 229 7
 102 0 246 255 227 7
 102 0 246 255 178 7
 183 0 15 0 178 7
 183 0 9 0 183 7
 191 0 9 0 183 7
 163 0 249 255 159 7
 163 0 249 255 182 7
 135 0 42 0 182 7
 135 0 14 0 25 8
 71 0 14 0 25 8
 73 0 31 0 121 8
 73 0 31 0 23 8
 86 0 56 0 23 8
 86 0 18 0 169 7
 113 0 18 0 169 7
 80 0 42 0 235 7
 80 0 42 0 101 8
 49 0 6 0 101 8
 109 0 10 0 249 7
 109 0 10 0 249 7
 109 0 50 0 203 7
 109 0 50 0 241 7
 60 0 46 0 241 7
 34 0 76 0 15 8
 34 0 76 0 15 8
 60 0 17 0 88 8
 60 0 241 255 5 8
 71 0 241 255 5 8
 149 0 29 0 120 7
 149 0 29 0 101 7
 145 0 14 0 101 7
 145 0 35 0 166 7
 147 0 35 0 166 7
 160 0 10 0 234 7
 160 0 10 0 178 7
 129 0 253 255 178 7
 129 0 35 0 224 7
 115 0 35 0 224 7
 101 0 23 0 217 7
 101 0 23 0 249 7
 131 0 29 0 249 7
 131 0 5 0 1 8
 144 0 5 0 1 8
 181 0 240 255 116 7
 181 0 240 255 209 7
 174 0 12 0 209 7
 174 0 244 255 41 8
 97 0 244 255 41 8
 108 0 30 0 98 8
 108 0 30 0 57 8
 94 0 45 0 57 8
 94 0 12 0 208 7
 123 0 12 0 208 7
 75 0 21 0 75 8
 75 0 21 255 45 8
 92 0 243 255 45 8
 92 0 244 255 6 8
 139 0 244 255 6 8
 125 0 42 0 7 8
 125 0 42 0 229 7
 126 0 21 0 229 7
 126 0 50 0 25 8
 93 0 50 0 25 8
 104 0 29 0 121 8
 104 0 29 255 68 8
 102 0 252 255 68 8
 137 0 35 0 39 8
 137 0 35 0 39 8
 151 0 10 0 7 8
 151 0 10 0 200 7
 185 0 42 0 200 7
 219 0 39 0 207 7
 219 0 39 0 207 7
 166 0 25 0 172 7
 166 0 72 0 248 7
 149 0 72 0 248 7
 114 0 42 0 63 8
 114 0 42 0 38 8
 167 0 45 0 38 8
 167 0 43 0 248 7
 217 0 43 0 248 7
 197 0 24 0 124 7
 197 0 24 0 234 7
 167 0 75 0 234 7
 167 0 50 0 127 8
 86 0 50 0 127 8
 111 0 51 0 201 8
 111 0 51 0 109 8
 161 0 42 0 109 8
 161 0 28 0 155 7
 207 0 28 0 155 7
 189 0 78 0 195 7
 189 0 78 0 43 8
 104 0 66 0 43 8
 104 0 90 0 128 8
 113 0 90 0 128 8
 116 0 101 0 103 8
 116 0 101 0 19 8
 139 0 46 0 19 8
 139 0 82 0 120 8
 107 0 82 0 120 8
 103 0 57 0 109 8
 103 0 57 0 64 8
 126 0 54 0 64 8
 126 0 94 0 255 7
 139 0 94 0 255 8
 93 0 67 0 124 8
 93 0 67 0 156 8
 76 0 76 0 156 8
 76 0 47 0 105 8
 145 0 47 0 105 7
 161 0 33 0 234 7
 161 0 33 0 210 7
 184 0 81 0 210 7
 138 0 65 0 243 7
 138 0 65 0 243 8
 128 0 78 0 27 8
 128 0 74 0 148 8
 126 0 74 0 148 8
 117 0 43 0 45 8
 117 0 43 0 45 8
 132 0 67 0 44 8
 132 0 51 0 251 7
 122 0 51 0 251 7
 156 0 59 0 248 7
 156 0 59 0 14 8
 159 0 61 0 14 8
 159 0 34 0 210 7
 134 0 34 0 210 7
 96 0 77 0 58 8
 96 0 77 0 156 8
 25 0 49 0 156 8
 25 0 52 0 156 8
 84 0 52 0 156 8
 109 0 79 0 41 8
 109 0 79 0 180 7
 141 0 44 0 180 7
 141 0 77 0 252 7
 113 0 77 0 252 7
 81 0 39 0 61 8
 81 0 39 0 106 8
 56 0 48 0 106 8
 56 0 103 0 44 8
 44 0 103 0 44 8
 77 0 66 0 216 7
 77 0 66 0 250 7
 82 0 88 0 250 7
 82 0 58 0 40 8
 102 0 58 0 40 7
 117 0 31 0 207 7
 117 0 31 0 180 7
 124 0 80 0 180 7
 124 0 54 0 5 8
 75 0 54 0 5 8
 59 0 64 0 47 8
 59 0 64 0 43 8
 138 0 8 0 176 7
 138 0 8 0 178 7
 152 0 58 0 178 7
 152 0 39 0 178 7
 123 0 39 0 178 7
 133 0 59 0 237 7
 133 0 59 0 34 8
 131 0 39 0 34 8
 131 0 250 255 2 8
 97 0 250 255 2 8
 112 0 22 0 37 8
 112 0 22 0 67 8
 60 0 6 0 67 8
 60 0 8 0 51 8
 101 0 8 0 51 8
 77 0 28 0 106 8
 77 0 28 0 85 8
 63 0 3 0 85 8
 63 0 16 0 177 8
 36 0 16 0 177 8
 61 0 224 255 158 8
 61 0 224 255 63 8
 99 0 224 255 63 8
 92 0 19 0 246 7
 92 0 19 0 246 8
 62 0 242 255 34 8
 62 0 242 0 200 8
 11 0 0 0 200 8
 25 0 235 255 224 8
 25 0 235 255 224 8
 82 0 200 255 74 8
 82 0 234 255 44 8
 96 0 234 255 44 8
 72 0 208 255 19 8
 72 0 208 255 99 8
 37 0 241 255 99 8
 37 0 9 0 175 8
 38 0 9 0 175 8
 28 0 210 255 173 8
 28 0 210 255 184 8
 64 0 226 255 184 8
 64 0 217 255 118 8
 72 0 217 255 118 8
 109 0 215 255 186 7
 109 0 215 255 92 8
 87 0 235 255 92 8
 87 0 168 255 215 8
 30 0 168 255 215 8
 54 0 191 255 185 8
 54 0 191 255 143 8
 35 0 247 255 143 8
 35 0 213 255 9 8
 60 0 213 255 9 8
 55 0 236 255 79 8
 55 0 236 255 153 8
 43 0 238 255 153 8
 43 0 186 255 57 8
 88 0 186 255 57 8
 91 0 217 255 87 8
 91 0 217 255 42 8
 134 0 191 255 42 8
 134 0 182 255 213 7
 117 0 182 255 213 7
 127 0 233 255 249 7
 127 0 233 255 210 8
 44 0 180 255 210 8
 46 0 197 255 253 8
 46 0 197 255 253 8
 86 0 0 0 179 8
 86 0 229 255 236 7
 102 0 229 255 236 7
 142 0 3 0 230 7
 142 0 3 0 230 8
 123 0 219 255 81 8
 123 0 180 255 15 8
 129 0 180 255 15 8
 136 0 205 255 106 8
 136 0 205 255 54 8
 149 0 160 255 54 8
 149 0 176 255 221 7
 173 0 176 255 221 7
 186 0 238 255 116 7
 186 0 238 255 47 8
 104 0 187 255 47 8
 104 0 202 255 224 8
 74 0 202 255 224 8
 122 0 204 255 157 8
 122 0 204 255 128 7
 182 0 199 255 128 7
 182 0 252 255 114 7
 171 0 252 255 114 7
 84 0 189 255 112 8
 84 0 189 255 211 8
 39 0 179 255 211 8
 39 0 252 255 177 8
 88 0 252 255 177 8
 67 0 223 255 49 8
 67 0 223 0 76 8
 73 0 0 0 76 8
 73 0 30 0 172 8
 29 0 30 0 172 8
 22 0 238 255 139 8
 22 0 238 0 185 8
 63 0 7 0 185 8
 63 0 233 255 100 8
 103 0 233 255 100 7
 184 0 221 255 139 7
 184 0 221 0 198 7
 153 0 13 0 198 7
 48 0 222 255 219 8
 48 0 222 255 68 9
 38 0 228 255 68 9
 38 0 28 0 252 8
 64 0 28 0 252 8
 119 0 8 0 48 8
 119 0 8 0 35 8
 118 0 28 0 35 8
 118 0 12 0 114 8
 137 0 12 0 114 8
 79 0 223 255 175 8
 79 0 223 0 171 8
 116 0 12 0 171 8
 116 0 221 255 178 8
 101 0 221 255 178 8
 145 0 242 255 30 8
 145 0 242 0 219 7
 135 0 43 0 219 7
 45 0 15 0 77 8
 45 0 15 0 77 9
 23 0 26 0 17 9
 23 0 10 0 32 9
 33 0 10 0 32 9
 110 0 234 255 63 8
 110 0 234 255 63 7
 139 0 33 0 196 7
 139 0 251 255 45 8
 101 0 251 255 45 8
 102 0 224 255 79 8
 102 0 224 255 122 8
 104 0 21 0 122 8
 104 0 250 255 51 8
 120 0 250 255 51 8
 87 0 36 0 11 8
 87 0 36 0 240 7
 89 0 86 0 240 7
 89 0 37 0 248 7
 55 0 37 0 248 7
 47 0 64 0 175 8
 47 0 64 0 211 8
 40 0 68 0 211 8
 40 0 40 0 200 7
 89 0 40 0 200 7
 154 0 84 0 168 7
 154 0 84 0 23 8
 137 0 15 0 23 8
 137 0 253 255 42 8
 160 0 253 255 42 8
 153 0 49 0 13 8
 153 0 49 0 184 7
 139 0 8 0 184 7
 139 0 24 0 61 8
 99 0 24 0 61 8
 85 0 79 0 92 8
 85 0 79 0 22 8
 115 0 23 0 22 8
 115 0 71 0 55 8
 78 0 71 0 55 8
 64 0 115 0 82 8
 64 0 115 0 73 8
 20 0 76 0 73 8
 20 0 112 0 89 8
 69 0 112 0 89 8
 79 0 65 0 182 8
 79 0 65 0 236 7
 126 0 30 0 236 7
 184 0 95 0 156 7
 184 0 95 0 156 7
 154 0 36 0 236 7
 154 0 5 0 71 8
 143 0 5 0 71 8
 139 0 44 0 99 8
 139 0 44 0 197 7
 164 0 245 255 197 7
 164 0 28 0 223 7
 136 0 28 0 223 7
 87 0 85 0 49 8
 87 0 85 0 91 8
 63 0 24 0 91 8
 63 0 64 0 197 8
 47 0 64 0 197 8
 55 0 98 0 188 8
 55 0 98 0 253 7
 73 0 84 0 253 7
 73 0 124 0 241 7
 111 0 124 0 241 7
 74 0 61 0 135 8
 74 0 61 0 84 8
 88 0 10 0 84 8
 88 0 70 0 18 8
 135 0 70 0 18 8
 158 0 33 0 140 7
 158 0 33 0 206 7
 130 0 11 0 206 7
 130 0 50 0 219 7
 130 0 50 0 219 7
 182 0 221 255 199 7
 182 0 221 255 212 7
 145 0 236 255 212 7
 145 0 48 0 86 7
 163 0 48 0 86 7
 121 0 240 255 110 7
 121 0 240 255 17 8
 48 0 254 255 17 8
 29 0 56 0 174 8
 29 0 56 0 174 7
 3 0 9 0 234 7
 3 0 9 0 234 7
 34 0 65 0 234 7
 188 255 73 0 217 8
 188 255 73 0 217 8
 187 255 5 0 189 8
 187 255 54 0 218 8
 208 255 54 0 218 8
 150 255 74 0 206 8
 150 255 74 0 187 8
 160 255 19 0 187 8
 160 255 72 0 228 8
 160 255 72 0 228 8
 157 255 53 0 105 9
 157 255 53 0 17 9
 170 255 13 0 17 9
 170 255 86 0 69 8
 12 0 86 0 69 8
 6 0 48 0 125 8
 6 0 48 0 233 8
 190 255 247 255 233 8
 190 0 38 0 209 8
 29 0 38 0 209 8
 98 0 222 255 103 8
 98 0 222 255 177 7
 147 0 209 255 177 7
 147 0 23 0 116 7
 168 0 23 0 116 7
 159 0 183 255 197 7
 159 0 183 255 46 8
 137 0 174 255 46 8
 137 0 220 255 41 8
 150 0 220 255 41 8
 207 0 156 255 98 7
 207 0 156 255 36 7
 204 0 189 255 36 7
 204 0 212 255 192 7
 156 0 212 255 192 8
 127 0 130 255 10 8
 127 0 130 255 37 8
 79 0 183 255 37 8
 79 0 238 255 26 8
 62 0 238 255 26 7
 255 255 178 255 238 7
 255 255 178 255 94 8
 246 255 250 255 94 8
 175 255 9 0 75 9
 175 255 9 0 75 8
 148 255 192 255 252 8
 148 255 30 0 179 8
 182 255 30 0 179 8
 122 255 36 0 251 8
 122 255 36 0 47 9
 100 255 215 255 47 9
 100 255 45 0 253 8
 142 255 45 0 253 8
 144 255 25 0 254 8
 144 255 25 0 130 8
 172 255 238 255 130 8
 172 255 36 0 95 8
 252 255 36 0 95 8
 30 0 220 255 216 8
 30 0 220 255 103 8
 54 0 178 255 103 8
 54 0 254 255 225 7
 134 0 254 255 225 7
 163 0 186 255 170 7
 163 0 186 255 250 7
 151 0 171 255 250 7
 151 0 238 255 34 8
 165 0 238 255 34 8
 238 0 172 255 96 7
 238 0 172 255 254 6
 6 1 194 255 254 6
 6 0 236 255 51 7
 239 0 236 255 51 7
 203 0 145 255 183 7
 203 0 145 255 169 7
 176 0 173 255 169 7
 176 0 238 255 194 7
 144 0 238 255 194 7
 99 0 184 255 138 7
 99 0 184 255 205 7
 94 0 227 255 205 7
 94 0 248 255 177 8
 14 0 248 255 177 8
 217 255 186 255 103 8
 217 255 186 0 87 8
 242 255 9 0 87 8
 169 255 41 0 165 8
 169 255 41 0 165 8
 151 255 231 255 242 8
 151 255 231 0 199 8
 141 255 70 0 199 8
 107 255 99 0 25 9
 107 255 99 0 25 9
 58 255 37 0 21 9
 58 255 100 0 118 9
 99 255 100 0 118 9
 80 255 82 0 184 9
 80 255 82 0 20 9
 104 255 56 0 20 9
 104 255 133 0 250 8
 172 255 133 0 250 8
 194 255 91 0 24 9
 194 255 91 0 192 8
 247 255 30 0 192 8
 247 255 120 0 129 8
 21 0 120 0 129 8
 98 0 75 0 252 7
 98 0 75 0 38 8
 79 0 31 0 38 8
 79 0 91 0 69 8
 143 0 91 0 69 8
 217 0 26 0 208 7
 217 0 26 0 63 7
 249 0 20 0 63 7
 249 1 71 0 33 7
 79 1 71 0 33 7
 100 1 224 255 76 7
 100 1 224 255 218 6
 118 1 254 255 218 6
 118 1 46 0 249 6
 101 1 46 0 249 6
 74 1 217 255 237 6
 74 1 217 255 251 6
 93 1 242 255 251 6
 20 1 26 0 63 7
 20 1 26 0 63 7
 251 0 208 255 81 7
 251 0 18 0 79 7
 220 0 18 0 79 7
 164 0 57 0 254 7
 164 0 57 0 254 8
 59 0 249 255 52 8
 59 0 82 0 230 7
 76 0 82 0 230 7
 235 255 108 0 118 8
 235 255 108 0 192 8
 164 255 37 0 192 8
 164 255 123 0 207 8
 167 255 123 0 207 8
 95 255 156 0 244 8
 95 255 156 0 241 8
 61 255 93 0 241 8
 61 255 158 0 85 9
 57 255 158 0 85 9
 36 255 153 0 161 9
 36 255 153 0 74 9
 38 255 95 0 74 9
 38 255 213 0 251 8
 76 255 213 0 251 8
 60 255 187 0 146 9
 60 255 187 0 157 9
 49 255 102 0 157 9
 49 255 182 0 164 9
 110 255 182 0 164 9
 171 255 155 0 79 9
 171 255 155 0 3 9
 198 255 95 0 3 9
 198 255 165 0 40 9
 252 255 165 0 40 8
 55 0 117 0 206 8
 55 0 83 0 34 8
 147 0 83 0 34 8
 205 0 136 0 12 8
 205 0 136 0 7 8
 252 0 58 0 7 8
 252 0 51 0 173 7
 20 1 51 0 173 7
 110 1 108 0 73 7
 110 1 108 0 191 7
 104 1 254 255 191 7
 104 1 24 0 50 7
 108 1 24 0 50 7
 157 1 68 0 91 7
 157 1 68 255 31 7
 171 1 240 255 31 7
 171 1 240 255 167 6
 238 1 240 255 167 6
 249 1 33 0 207 6
 249 1 33 255 164 6
 8 2 213 255 164 6
 8 2 224 255 106 6
 47 2 224 255 106 6
 44 2 249 255 198 6
 44 2 249 255 156 6
 86 2 172 255 156 6
 86 2 214 255 244 5
 110 2 214 255 244 6
 142 2 232 255 68 6
 142 2 232 255 64 6
 112 2 162 255 64 6
 150 2 199 255 206 5
 150 2 199 255 206 5
 149 2 232 255 238 5
 149 2 232 255 38 6
 91 2 151 255 38 6
 100 2 203 255 224 5
 100 2 203 255 224 5
 81 2 233 255 229 5
 81 2 160 255 70 6
 46 2 160 255 70 6
 11 2 216 255 46 6
 11 2 216 255 85 6
 22 2 239 255 85 6
 22 2 162 255 82 6
 14 2 162 255 82 6
 6 2 215 255 72 6
 6 2 215 255 74 6
 28 2 225 255 74 6
 28 2 154 255 6 6
 41 2 154 255 6 6
 69 2 224 255 252 5
 69 2 224 255 123 6
 47 2 245 255 123 6
 47 2 192 255 48 6
 82 2 192 255 48 6
 130 2 1 0 226 5
 130 2 1 0 64 6
 159 2 12 0 64 6
 159 2 211 255 11 6
 207 2 211 255 11 6
 4 3 253 255 154 5
 4 3 253 0 19 6
 23 3 19 0 19 6
 23 3 217 255 61 6
 13 3 217 255 61 6
 40 3 241 255 5 6
 40 3 241 0 31 6
 67 3 27 0 31 6
 67 3 245 255 98 6
 41 3 245 255 98 6
 42 3 7 0 55 6
 42 3 7 0 159 6
 39 3 22 0 159 6
 39 3 17 0 203 6
 8 3 17 0 203 7
 193 2 246 255 51 7
 193 2 246 0 79 7
 194 2 3 0 79 7
 159 2 247 255 64 7
 159 2 247 255 64 7
 100 2 219 255 69 7
 100 2 219 255 119 7
 66 2 219 255 119 7
 28 2 202 255 122 7
 28 2 202 255 65 7
 10 2 191 255 65 7
 10 2 177 255 27 7
 29 2 177 255 27 7
 2 2 162 255 89 7
 2 2 162 255 57 7
 244 1 149 255 57 7
 244 1 174 255 214 6
 8 2 174 255 214 6
 187 1 188 255 181 7
 187 1 188 255 130 7
 176 1 190 255 130 7
 176 1 200 255 90 7
 176 1 200 255 90 7
 123 1 194 255 66 8
 123 1 194 255 253 7
 106 1 206 255 253 7
 106 1 203 255 196 7
 97 1 203 255 196 7
 15 1 213 255 113 8
 15 1 213 255 10 9
 221 0 205 255 10 9
 221 0 195 255 216 8
 162 0 195 255 216 8
 138 0 223 255 60 9
 138 0 223 255 59 9
 117 0 222 255 59 9
 117 0 173 255 246 8
 94 0 173 255 246 8
 93 0 210 255 251 8
 93 0 210 255 223 8
 68 0 221 255 223 8
 68 0 148 255 8 9
 64 0 148 255 8 8
 76 0 175 255 141 8
 76 0 175 255 192 8
 94 0 176 255 106 8
 94 0 176 255 241 7
 190 0 191 255 241 7
 190 0 214 255 151 8
 160 0 214 255 151 8
 188 0 232 255 66 8
 188 0 232 255 55 8
 210 0 236 255 55 8
 210 0 254 255 213 8
 138 0 254 255 213 8
 138 0 2 0 222 8
 138 0 17 0 130 8
 105 0 17 0 130 8
 99 0 17 0 0 9
 99 0 17 0 9 9
 41 0 11 0 9 9
 41 0 245 255 15 9
 245 255 245 255 15 9
 1 0 18 0 238 8
 1 0 18 0 53 9
 193 255 251 255 53 9
 193 255 218 255 19 9
 200 255 218 255 19 9
 235 255 2 0 116 8
 235 255 2 0 15 9
 228 255 12 0 15 9
 228 255 244 255 206 8
 220 255 244 255 206 8
 61 0 15 0 42 8
 61 0 15 0 133 8
 85 0 28 0 133 8
 85 0 246 255 5 8
 144 0 246 255 5 8
 204 0 19 0 148 7
 204 0 19 0 187 7
 224 0 63 0 187 7
 224 1 27 0 106 7
 53 1 27 0 106 7
 67 1 23 0 79 7
 67 1 23 0 195 7
 99 1 42 0 195 7
 158 1 46 0 88 7
 158 1 46 0 88 6
 194 1 25 0 249 6
 194 1 51 0 130 7
 191 1 51 0 130 7
 206 1 50 0 78 7
 206 1 50 0 97 7
 197 1 20 0 97 7
 197 1 64 0 41 8
 104 1 64 0 41 7
 126 1 68 0 243 7
 126 1 68 0 208 7
 88 1 58 0 208 7
 88 1 111 0 43 8
 39 1 111 0 43 8
 243 0 112 0 135 8
 243 0 112 0 59 8
 200 0 114 0 59 8
 179 0 140 0 195 8
 179 0 140 0 195 9
 74 0 124 0 69 9
 74 0 110 0 250 8
 54 0 110 0 250 8
 253 255 163 0 92 9
 253 255 163 0 92 9
 189 255 151 0 114 9
 189 255 105 0 143 9
 137 255 105 0 143 9
 82 255 178 0 136 9
 82 255 178 0 199 9
 31 255 165 0 199 9
 31 255 116 0 19 10
 175 254 116 0 19 10
 227 254 191 0 144 9
 227 254 191 0 236 9
 182 254 172 0 236 9
 182 254 119 0 12 10
 100 254 119 0 12 10
 184 254 165 0 134 9
 184 254 165 0 172 9
 160 254 161 0 172 9
 160 254 99 0 167 9
 153 254 99 0 167 9
 207 254 130 0 71 9
 207 254 130 0 56 9
 251 254 147 0 56 9
 251 255 86 0 63 9
 5 255 86 0 63 8
 66 255 116 0 171 8
 66 255 116 0 204 8
 131 255 135 0 204 8
 131 255 109 0 141 8
 170 255 109 0 141 8
 220 255 111 0 83 8
 220 255 111 0 142 8
 245 255 137 0 142 8
 224 255 113 0 148 8
 224 255 113 0 148 8
 179 255 91 0 215 8
 179 255 91 0 26 9
 163 255 116 0 26 9
 213 255 103 0 158 8
 213 255 103 0 158 8
 174 255 54 0 178 8
 174 255 66 0 55 8
 253 255 66 0 55 8
 4 0 80 0 59 8
 4 0 80 0 112 8
 239 255 55 0 112 8
 239 255 42 0 222 7
 54 0 42 0 222 7
 23 0 73 0 92 8
 23 0 73 0 167 8
 240 255 80 0 167 8
 240 255 72 0 116 8
 218 255 72 0 116 8
 236 255 73 0 183 8
 236 255 73 0 167 8
 227 255 65 0 167 8
 227 255 36 0 179 8
 200 255 36 0 179 8
 247 255 43 0 74 8
 247 255 43 0 106 8
 245 255 31 0 106 8
 245 255 5 0 185 8
 219 255 5 0 185 7
 66 0 33 0 192 7
 66 0 33 0 130 8
 34 0 45 0 130 8
 34 0 48 0 141 8
 18 0 48 0 141 8
 60 0 40 0 66 8
 60 0 40 0 253 8
 11 0 42 0 253 8
 11 0 26 0 195 8
 9 0 26 0 195 8
 30 0 254 255 119 8
 30 0 254 0 131 8
 255 255 0 0 131 8
 235 255 251 255 208 8
 235 255 251 255 208 8
 7 0 232 255 126 8
 7 0 230 255 14 8
 86 0 230 255 14 8
 50 0 248 255 127 8
 50 0 248 255 91 8
 41 0 11 0 91 8
 41 0 249 255 5 8
 58 0 249 255 5 8
 205 255 248 255 22 9
 205 255 248 255 136 8
 10 0 9 0 136 8
 10 0 242 255 48 8
 28 0 242 255 48 8
 60 0 204 255 18 8
 60 0 204 255 112 8
 43 0 228 255 112 8
 43 0 243 255 31 8
 86 0 243 255 31 8
 85 0 215 255 25 8
 85 0 215 255 188 8
 27 0 245 255 188 8
 27 0 5 0 92 8
 60 0 5 0 92 8
 6 0 217 255 69 8
 6 0 217 255 142 8
 255 255 195 255 142 8
 255 0 231 255 83 8
 51 0 231 255 83 8
 56 0 235 255 13 8
 56 0 235 255 203 7
 112 0 217 255 203 7
 112 0 12 0 3 8
 95 0 12 0 3 8
 80 0 16 0 0 8
 80 0 16 255 11 8
 28 0 244 255 11 8
 9 0 1 0 85 8
 9 0 1 0 85 8
 9 0 16 0 71 8
 9 0 16 255 104 8
 228 255 232 255 104 8
 33 0 234 255 225 7
 33 0 234 255 225 7
 56 0 250 255 236 7
 56 0 230 255 62 8
 44 0 230 255 62 8
 107 0 233 255 130 7
 107 0 233 255 224 7
 122 0 5 0 224 7
 122 0 3 0 240 7
 118 0 3 0 240 7
 131 0 239 255 193 7
 131 0 239 255 104 8
 62 0 2 0 104 8
 62 0 16 0 21 8
 68 0 16 0 21 8
 11 0 225 255 115 8
 11 0 225 255 99 8
 253 255 238 255 99 8
 253 255 240 255 67 8
 36 0 240 255 67 8
 36 0 210 255 228 7
 36 0 210 255 119 7
 104 0 223 255 119 7
 104 0 246 255 141 7
 126 0 246 255 141 7
 135 0 238 255 114 7
 135 0 238 255 39 7
 188 0 229 255 39 7
 188 0 254 255 205 7
 134 0 254 255 205 7
 188 0 16 0 122 7
 188 0 16 0 157 7
 156 0 3 0 157 7
 156 0 42 0 223 7
 158 0 42 0 223 7
 142 0 35 0 193 7
 142 0 35 0 36 8
 54 0 1 0 36 8
 67 0 45 0 61 8
 67 0 45 0 61 8
 60 0 43 0 4 8
 60 0 242 255 115 8
 254 255 242 255 115 8
 71 0 24 0 213 7
 71 0 24 0 213 8
 71 0 32 0 4 8
 71 0 240 255 46 8
 63 0 240 255 46 8
 164 0 12 0 80 7
 164 0 12 0 25 8
 120 0 28 0 25 8
 120 0 34 0 31 8
 116 0 34 0 31 8
 175 0 43 0 195 7
 175 0 43 0 95 8
 95 0 82 0 95 8
 95 0 62 0 69 8
 91 0 62 0 69 8
 67 0 52 0 73 8
 67 0 52 0 40 8
 63 0 60 0 40 8
 63 0 46 0 98 8
 51 0 46 0 98 8
 37 0 45 0 55 8
 37 0 45 0 112 7
 148 0 30 0 112 7
 148 0 55 0 89 8
 73 0 55 0 89 8
 113 0 92 0 65 8
 113 0 92 0 215 7
 129 0 83 0 215 7
 129 0 89 0 175 8
 72 0 89 0 175 8
 131 0 98 0 37 8
 131 0 98 0 129 8
 32 0 56 0 129 8
 32 0 78 0 235 7
 122 0 78 0 235 8
 83 0 100 0 43 8
 83 0 100 0 77 8
 75 0 82 0 77 8
 174 0 90 0 138 7
 174 0 90 0 138 8
 98 0 114 0 98 8
 98 0 111 0 73 8
 120 0 111 0 73 8
 71 0 90 0 102 8
 71 0 90 0 102 8
 35 0 88 0 150 8
 35 0 95 0 177 8
 16 0 95 0 177 8
 32 0 115 0 112 8
 32 0 115 0 50 8
 77 0 69 0 50 8
 77 0 114 0 141 8
 57 0 114 0 141 8
 73 0 124 0 105 8
 73 0 124 0 97 8
 13 0 71 0 97 8
 13 0 87 0 215 8
 235 255 87 0 215 8
 251 255 114 0 125 8
 251 255 114 0 175 8
 209 255 62 0 175 8
 209 0 57 0 225 7
 80 0 57 0 225 7
 48 0 76 0 91 8
 48 0 76 0 144 8
 69 0 59 0 144 8
 69 0 71 0 34 8
 90 0 71 0 34 8
 21 0 82 0 195 8
 21 0 82 0 181 8
 22 0 83 0 181 8
 22 255 84 0 138 8
 243 255 84 0 138 8
 41 0 57 0 31 8
 41 0 57 0 68 8
 65 0 92 0 68 8
 65 0 83 0 62 8
 82 0 83 0 62 8
 69 0 51 0 26 8
 69 0 51 0 151 8
 48 0 87 0 151 8
 70 0 92 0 54 8
 70 0 92 0 54 8
 32 0 61 0 63 8
 32 0 55 0 122 7
 132 0 55 0 122 7
 83 0 70 0 13 8
 83 0 70 0 56 8
 86 0 65 0 56 8
 86 0 37 0 214 7
 113 0 37 0 214 7
 13 0 32 0 183 8
 13 0 32 0 111 8
 33 0 69 0 111 8
 33 0 79 0 96 8
 3 0 79 0 96 8
 39 0 27 0 66 8
 39 0 27 0 145 8
 48 0 78 0 145 8
 48 0 65 0 91 8
 58 0 65 0 91 8
 35 0 5 0 84 8
 35 0 5 0 47 8
 73 0 15 0 47 8
 73 0 35 0 74 8
 34 0 35 0 74 8
 11 0 37 0 152 8
 11 0 37 0 12 8
 76 0 24 0 12 8
 76 255 53 0 22 9
 222 255 53 0 22 9
 26 0 54 0 162 8
 26 0 54 0 80 8
 249 255 42 0 80 8
 249 0 5 0 120 8
 12 0 5 0 120 8
 24 0 61 0 147 8
 24 0 61 0 148 8
 13 0 30 0 148 8
 13 255 239 255 168 8
 253 255 239 255 168 8
 3 0 0 0 169 8
 3 0 0 0 187 8
 245 255 3 0 187 8
 215 255 24 0 184 8
 215 255 24 0 184 8
 14 0 0 0 83 8
 14 0 0 0 10 9
 190 255 35 0 10 9
 16 0 28 0 124 8
 16 0 28 0 42 8
 223 255 17 0 42 8
 223 255 248 255 36 8
 255 255 248 255 36 8
 39 0 56 0 243 7
 39 0 56 0 60 8
 231 255 15 0 60 8
 231 255 242 255 3 8
 26 0 242 255 3 8
 222 255 251 255 78 8
 222 255 251 255 171 8
 201 255 220 255 171 8
 201 255 239 255 29 8
 230 255 239 255 29 8
 233 255 193 255 41 8
 233 255 193 255 188 8
 196 255 0 0 188 8
 196 255 238 255 59 8
 252 255 238 255 59 8
 221 255 194 255 102 8
 221 255 194 255 21 8
 247 255 234 255 21 8
 247 255 241 255 83 8
 244 255 241 255 83 8
 209 255 231 255 150 8
 209 255 231 255 47 8
 10 0 223 255 47 8
 10 255 1 0 80 9
 138 255 1 0 80 8
 237 255 0 0 132 8
 237 255 0 255 92 8
 222 255 233 255 92 8
 222 255 255 255 86 8
 231 255 255 255 86 7
 57 0 52 0 227 7
 57 0 52 255 111 8
 1 0 250 255 111 8
 75 0 6 0 199 7
 75 0 6 0 199 8
 246 255 28 0 68 8
 246 255 11 0 84 8
 12 0 11 0 84 8
 34 0 16 0 221 7
 34 0 16 0 221 8
 5 0 214 255 46 8
 5 0 32 0 218 7
 75 0 32 0 218 7
 37 0 228 255 31 8
 37 0 228 255 255 7
 47 0 221 255 255 7
 47 0 228 255 182 7
 59 0 228 255 182 7
 37 0 243 255 251 7
 37 0 243 255 59 8
 18 0 241 255 59 8
 18 0 182 255 59 8
 8 0 182 255 59 8
 205 255 203 255 20 9
 205 255 203 255 30 8
 47 0 224 255 30 8
 47 255 209 255 148 8
 224 255 209 255 148 8
 51 0 198 255 50 8
 51 0 198 255 159 8
 25 0 2 0 159 8
 25 0 217 255 206 8
 19 0 217 255 206 8
 53 0 228 255 32 8
 53 0 228 255 163 8
 1 0 204 255 163 8
 1 0 5 0 117 8
 18 0 5 0 117 8
 250 255 248 255 171 8
 250 255 248 255 231 8
 251 255 190 255 231 8
 251 255 248 255 20 9
 241 255 248 255 20 8
 246 255 249 255 251 8
 246 255 249 0 223 8
 215 255 28 0 223 8
 32 0 248 255 112 8
 32 0 248 255 112 9
 201 255 48 0 63 9
 201 255 48 0 160 8
 35 0 54 0 160 8
 235 255 20 0 181 8
 235 255 20 0 181 9
 228 255 34 0 41 9
 228 255 81 0 139 8
 23 0 81 0 139 8
 167 255 39 0 120 9
 167 255 39 0 111 8
 60 0 42 0 111 8
 60 255 61 0 100 9
 200 255 61 0 100 9
 19 0 79 0 206 8
 19 0 79 0 153 8
 241 255 77 0 153 8
 241 255 43 0 205 8
 236 255 43 0 205 8
 6 0 113 0 172 8
 6 0 113 0 175 8
 252 255 71 0 175 8
 252 0 67 0 149 8
 16 0 67 0 149 8
 254 255 82 0 186 8
 254 255 82 0 220 8
 12 0 86 0 220 8
 12 0 106 0 155 8
 10 0 106 0 155 8
 35 0 43 0 157 8
 35 0 43 0 253 8
 23 0 105 0 253 8
 23 0 105 0 109 8
 83 0 105 0 109 8
 2 0 116 0 213 8
 2 0 116 0 49 8
 64 0 104 0 49 8
 30 0 111 0 168 8
 30 0 111 0 168 8
 45 0 106 0 139 8
 45 0 66 0 26 8
 71 0 66 0 26 8
 18 0 92 0 205 8
 18 0 92 0 205 7
 89 0 140 0 244 7
 89 0 99 0 58 9
 229 255 99 0 58 9
 108 0 79 0 242 7
 108 0 79 0 69 9
 2 0 78 0 69 9
 2 0 104 0 108 8
 101 0 104 0 108 8
 48 0 81 0 142 8
 48 0 81 0 147 8
 69 0 62 0 147 8
 69 0 137 0 135 8
 72 0 137 0 135 9
 34 0 87 0 37 9
 34 0 87 0 37 8
 79 0 102 0 37 8
 36 0 51 0 244 8
 36 0 115 0 122 8
 74 0 60 0 228 8
 10 0 60 0 228 8
 49 0 47 0 172 8
 49 0 47 0 253 8
 12 0 54 0 253 8
 10 0 69 0 48 9
 10 0 69 0 48 8
 28 0 69 0 157 8
 28 0 69 0 42 9
 32 0 16 0 42 9
 39 0 101 0 216 8
 39 0 101 0 216 9
 5 0 51 0 85 9
 5 0 80 0 194 8
 20 0 80 0 194 8
 250 255 254 255 82 9
 250 255 254 255 24 9
 24 0 87 0 24 9
 24 0 18 0 246 8
 45 0 18 0 246 8
 69 0 13 0 184 8
 69 0 13 0 191 8
 64 0 203 255 191 8
 64 0 35 0 156 8
 78 0 35 0 156 8
 106 0 1 0 73 8
 106 0 1 0 234 7
 149 0 4 0 234 7
 149 0 245 255 231 7
 150 0 245 255 231 7
 137 0 57 0 187 7
 137 0 57 0 202 7
 132 0 20 0 202 7
 132 0 232 255 86 7
 196 0 232 255 86 7
 145 0 239 255 215 7
 145 0 239 0 91 7
 169 0 38 0 91 7
 169 0 14 0 20 8
 89 0 14 0 20 8
 208 0 227 255 52 7
 208 0 227 255 106 8
 94 0 222 255 106 8
 94 0 34 0 63 7
 209 0 34 0 63 8
 79 0 1 0 158 8
 79 0 1 0 107 7
 207 0 3 0 107 7
 207 0 239 255 225 8
 67 0 239 255 225 7
 159 0 75 0 163 7
 159 0 75 0 23 9
 53 0 3 0 23 9
 107 0 19 0 97 8
 107 0 19 0 97 9
 31 0 210 255 82 9
 31 0 46 0 191 8
 46 0 46 0 191 8
 41 0 230 255 48 9
 41 0 230 255 48 9
 46 0 244 255 22 9
 46 0 185 255 25 9
 58 0 185 255 25 9
 44 0 10 0 63 9
 44 0 10 0 242 8
 77 0 246 255 242 8
 77 0 231 255 199 9
 234 255 231 255 199 9
 45 0 213 255 56 9
 45 0 213 255 169 9
 250 255 237 255 169 9
 250 255 241 255 100 9
 36 0 241 255 100 9
 214 255 217 255 179 9
 214 255 217 255 219 9
 239 255 193 255 219 9
 239 255 236 255 113 9
 246 255 236 255 113 9
 232 255 225 255 203 9
 232 255 225 255 126 9
 225 255 226 255 126 9
 225 255 152 255 220 9
 248 255 152 255 220 9
 236 255 194 255 196 9
 236 255 194 255 148 9
 250 255 188 255 148 9
 250 255 193 255 76 10
 154 255 193 255 76 9
 251 255 152 255 151 9
 251 255 152 255 126 10
 147 255 193 255 126 10
 234 255 223 255 89 9
 234 255 223 255 89 10
 115 255 176 255 135 10
 115 255 176 255 147 9
 240 255 152 255 147 9
 176 255 172 255 23 10
 176 255 172 255 23 9
 224 255 198 255 151 9
 224 255 173 255 173 9
 179 255 173 255 173 9
 216 255 144 255 229 9
 216 255 144 255 129 9
 215 255 192 255 129 9
 215 255 178 255 182 9
 222 255 178 255 182 9
 206 255 185 255 136 9
 206 255 185 255 222 9
 218 255 121 255 222 9
 218 255 189 255 174 9
 197 255 189 255 174 9
 212 255 172 255 115 9
 212 255 172 255 192 9
 170 255 185 255 192 9
 170 255 137 255 38 9
 254 255 137 255 38 9
 208 255 212 255 141 9
 208 255 212 255 205 8
 3 0 220 255 205 8
 3 255 231 255 146 9
 155 255 231 255 146 9
 18 0 196 255 190 8
 18 0 196 255 126 9
 187 255 241 255 126 9
 187 0 254 255 172 8
 11 0 254 255 172 8
 134 255 251 255 168 9
 134 255 251 255 207 8
 14 0 221 255 207 8
 14 255 239 255 153 9
 158 255 239 255 153 9
 232 255 252 255 5 9
 232 255 252 255 186 9
 139 255 225 255 186 9
 139 255 217 255 82 9
 220 255 217 255 82 9
 196 255 238 255 103 9
 196 255 238 0 32 9
 225 255 2 0 32 9
 200 255 3 0 55 9
 200 255 3 0 55 9
 203 255 230 255 125 9
 203 255 32 0 20 9
 224 255 32 0 20 9
 174 255 38 0 128 9
 174 255 38 0 42 9
 175 255 60 0 42 9
 175 255 232 255 121 9
 189 255 232 255 121 9
 167 255 24 0 162 9
 167 255 24 0 83 9
 207 255 18 0 83 9
 207 255 36 0 247 9
 91 255 36 0 247 9
 201 255 244 255 75 9
 201 255 244 255 77 10
 89 255 19 0 77 10
 89 255 44 0 9 9
 214 255 44 0 9 9
 77 255 3 0 90 10
 77 255 3 0 130 9
 194 255 236 255 130 9
 194 255 248 255 56 10
 109 255 248 255 56 10
 182 255 23 0 110 9
 182 255 23 255 248 9
 128 255 236 255 248 9
 128 255 206 255 214 9
 193 255 206 255 214 9
 182 255 237 255 176 9
 182 255 237 255 159 9
 210 255 238 255 159 9
 210 255 244 255 126 9
 187 255 244 255 126 9
 201 255 207 255 203 9
 201 255 207 0 167 9
 155 255 4 0 167 9
 204 255 240 255 120 9
 204 255 240 255 120 9
 168 255 250 255 154 9
 168 255 250 255 116 9
 205 255 196 255 116 9
 158 255 5 0 198 9
 158 255 5 0 198 9
 234 255 7 0 1 9
 234 255 17 0 16 10
 107 255 17 0 16 10
 223 255 232 255 7 9
 223 255 232 255 212 9
 141 255 37 0 212 9
 141 255 59 0 195 8
 242 255 59 0 195 8
 112 255 69 0 192 9
 112 255 69 0 12 9
 201 255 55 0 12 9
 201 255 107 0 138 9
 136 255 107 0 138 9
 219 255 88 0 20 9
 219 255 88 0 68 9
 163 255 90 0 68 9
 163 255 60 0 39 9
 216 255 60 0 39 9
 205 255 102 0 33 9
 205 255 102 0 35 9
 229 255 83 0 35 9
 229 0 76 0 204 8
 0 0 76 0 204 8
 210 255 59 0 115 9
 210 255 59 0 242 8
 23 0 105 0 242 8
 23 255 72 0 134 9
 246 255 72 0 134 8
 99 0 81 0 121 8
 99 0 81 0 137 9
 11 0 73 0 137 9
 11 0 140 0 94 8
 118 0 140 0 94 9
 15 0 113 0 204 9
 15 0 113 0 29 8
 173 0 136 0 29 8
 70 0 111 0 186 9
 70 0 111 0 186 8
 176 0 199 0 102 8
 176 0 151 0 209 9
 72 0 151 0 209 9
 216 0 171 0 62 8
 216 0 171 0 154 9
 118 0 139 0 154 9
 118 0 202 0 128 8
 217 0 202 0 128 8
 110 0 142 0 148 9
 110 0 142 0 119 8
 240 0 156 0 119 8
 240 0 122 0 100 9
 133 0 122 0 100 9
 214 0 195 0 149 8
 214 0 195 0 86 9
 131 0 146 0 86 9
 131 0 145 0 158 8
 205 0 145 0 158 8
 146 0 102 0 81 9
 146 0 102 0 144 8
 194 0 161 0 144 8
 194 0 101 0 67 9
 133 0 101 0 67 9
 222 0 91 0 82 8
 222 0 91 0 231 8
 192 0 62 0 231 8
 192 0 112 0 95 8
 215 0 112 0 95 8
 158 0 60 0 204 8
 158 0 60 0 41 8
 226 0 54 0 41 8
 226 0 21 0 180 8
 172 0 21 0 180 8
 202 0 81 0 89 8
 202 0 81 0 198 8
 159 0 25 0 198 8
 159 0 26 0 98 8
 212 0 26 0 98 8
 171 0 12 0 165 8
 171 0 12 0 25 8
 200 0 81 0 25 8
 160 0 30 0 138 8
 160 0 30 0 138 7
 200 0 29 0 237 7
 200 0 252 255 105 8
 175 0 252 255 105 8
 197 0 58 0 228 7
 197 0 58 0 228 8
 185 0 2 0 66 8
 185 0 255 255 227 7
 210 0 255 255 227 7
 183 0 226 255 76 8
 183 0 226 255 210 7
 217 0 36 0 210 7
 217 0 252 255 59 8
 192 0 252 255 59 8
 227 0 13 0 224 7
 227 0 13 0 105 8
 145 0 15 0 105 8
 145 0 90 0 202 7
 216 0 90 0 202 7
 102 0 66 0 180 8
 102 0 66 0 224 7
 184 0 78 0 224 7
 184 0 68 0 150 8
 92 0 68 0 150 8
 173 0 102 0 221 7
 173 0 102 0 222 8
 78 0 84 0 222 8
 78 0 72 0 192 7
 173 0 72 0 192 7
 78 0 68 0 174 8
 78 0 68 0 132 7
 180 0 115 0 132 7
 226 0 53 0 73 8
 100 0 40 0 118 8
 100 0 60 0 164 7
 193 0 60 0 164 7
 105 0 22 0 133 8
 105 0 22 255 187 7
 219 0 245 255 187 7
 134 0 245 255 119 8
 134 0 245 255 158 7
 236 0 24 0 158 7
 236 0 249 255 67 8
 178 0 249 255 67 8
 1 1 223 255 134 7
 171 0 7 0 138 7
 246 0 7 0 138 8
 169 0 224 255 138 8
 169 1 192 255 92 7
 29 1 192 255 92 7
 156 0 182 255 161 8
 156 0 182 255 158 7
 241 0 224 255 158 7
 241 0 184 255 146 8
 143 0 184 255 146 7
 22 1 143 255 121 7
 22 1 143 255 209 8
 111 0 147 255 209 8
 227 0 178 255 182 7
 227 0 178 255 182 8
 76 0 145 255 232 8
 76 0 114 255 220 7
 224 0 114 255 220 7
 91 0 118 255 214 8
 91 0 118 255 158 7
 225 0 149 255 158 7
 225 0 133 255 193 8
 103 0 133 255 193 8
 216 0 123 255 183 7
 216 0 123 255 113 8
 138 0 123 255 113 8
 138 0 175 255 183 7
 195 0 175 255 183 7
 131 0 153 255 130 8
 131 0 153 255 225 7
 192 0 161 255 225 7
 192 0 149 255 96 8
 133 0 149 255 96 8
 173 0 229 255 220 7
 173 0 229 255 108 8
 123 0 186 255 108 8
 123 0 216 255 63 8
 130 0 216 255 63 8
 85 0 158 255 134 8
 85 0 158 255 72 8
 81 0 242 255 72 8
 76 0 187 255 127 8
 76 0 187 255 127 8
 251 255 216 255 211 8
 251 255 216 255 86 8
 82 0 130 255 86 8
 5 0 206 255 145 8
 5 0 206 255 145 8
 85 0 161 255 47 8
 85 0 158 255 11 9
 224 255 158 255 11 9
 140 0 89 255 247 7
 140 0 89 255 157 8
 16 0 105 255 157 8
 16 0 110 255 179 7
 141 0 110 255 179 7
 61 0 88 255 156 8
 61 0 88 255 134 7
 167 0 88 255 134 7
 167 0 84 255 69 8
 84 0 84 255 69 8
 159 0 142 255 131 7
 159 0 142 255 100 8
 93 0 110 255 100 8
 93 0 124 255 216 7
 132 0 124 255 216 7
 66 0 106 255 118 8
 66 0 106 255 116 8
 64 0 173 255 116 8
 64 0 147 255 234 8
 47 0 147 255 234 8
 238 255 178 255 84 9
 238 255 178 255 18 9
 17 0 127 255 18 9
 17 255 195 255 158 9
 198 255 195 255 158 9
 216 255 177 255 109 9
 216 255 177 255 47 10
 97 255 196 255 47 10
 97 255 129 255 68 9
 221 255 129 255 68 9
 125 255 174 255 182 9
 125 255 174 255 247 8
 244 255 150 255 247 8
 115 255 152 255 231 9
 115 255 152 255 231 8
 50 0 106 255 142 8
 50 0 117 255 141 9
 152 255 117 255 141 9
 91 0 144 255 16 8
 91 0 144 255 240 8
 250 255 134 255 240 8
 250 255 131 255 64 8
 70 0 131 255 64 8
 0 0 148 255 242 8
 0 0 148 255 112 8
 32 0 214 255 112 8
 239 255 199 255 42 9
 239 255 199 255 42 9
 177 255 230 255 66 9
 177 255 230 255 139 9
 161 255 199 255 139 9
 117 255 10 0 162 9
 117 255 10 0 162 9
 164 255 221 255 145 9
 164 255 244 255 0 10
 85 255 244 255 0 10
 192 255 186 255 47 9
 192 255 186 255 106 9
 158 255 224 255 106 9
 158 255 205 255 210 8
 239 255 205 255 210 8
 163 255 208 255 154 9
 163 255 208 255 184 8
 31 0 192 255 184 8
 31 0 208 255 90 9
 202 255 208 255 90 9
 2 0 4 0 193 8
 2 0 4 0 72 9
 218 255 216 255 72 9
 218 0 244 255 115 8
 52 0 244 255 115 8
 226 255 220 255 42 9
 226 255 220 0 48 8
 87 0 23 0 48 8
 87 255 8 0 88 9
 236 255 8 0 88 8
 44 0 12 0 214 8
 44 0 12 0 182 9
 187 255 14 0 182 9
 187 255 84 0 232 8
 246 255 84 0 232 9
 233 255 47 0 80 9
 233 255 47 0 60 9
 221 255 62 0 60 9
 221 0 16 0 17 9
 11 0 16 0 17 9
 196 255 51 0 81 9
 196 255 51 0 203 8
 27 0 52 0 203 8
 218 255 24 0 109 9
 218 255 24 0 109 8
 67 0 22 0 141 8
 67 0 48 0 251 8
 20 0 48 0 251 8
 72 0 85 0 104 8
 72 0 85 0 104 8
 45 0 53 0 209 8
 45 0 66 0 98 8
 66 0 66 0 98 8
 18 0 26 0 245 8
 18 0 26 0 63 8
 88 0 94 0 63 8
 88 0 90 0 189 8
 43 0 90 0 189 8
 68 0 95 0 118 8
 68 0 95 0 2 9
 1 0 69 0 2 9
 1 0 84 0 168 8
 53 0 84 0 168 8
 252 255 80 0 243 8
 252 255 80 0 219 8
 30 0 49 0 219 8
 30 0 16 0 197 8
 52 0 16 0 197 8
 23 0 44 0 189 8
 23 0 44 0 145 8
 59 0 42 0 145 8
 249 255 27 0 227 8
 249 255 27 0 227 8
 75 0 246 255 105 8
 75 0 21 0 202 8
 250 255 21 0 202 8
 93 0 61 0 238 7
 93 0 61 0 193 8
 25 0 48 0 193 8
 25 0 48 0 81 8
 54 0 48 0 81 8
 2 0 32 0 211 8
 2 0 32 0 112 8
 4 0 101 0 112 8
 4 0 48 0 243 8
 2 0 48 0 243 8
 237 255 69 0 193 8
 237 255 69 0 231 8
 243 255 20 0 231 8
 243 0 55 0 129 8
 2 0 55 0 129 8
 219 255 52 0 203 8
 219 255 52 0 2 9
 233 255 22 0 2 9
 233 255 22 0 154 8
 250 255 22 0 154 8
 2 0 3 0 183 8
 2 0 3 0 26 8
 53 0 33 0 26 8
 249 255 247 255 16 9
 249 255 247 255 16 8
 76 0 255 255 87 8
 76 0 0 0 43 9
 193 255 0 0 43 9
 35 0 22 0 89 8
 35 0 22 0 241 8
 211 255 2 0 241 8
 211 255 232 255 237 8
 247 255 232 255 237 8
 42 0 189 255 136 8
 42 0 189 255 205 8
 222 255 227 255 205 8
 222 0 251 255 29 8
 58 0 251 255 29 8
 224 255 218 255 18 9
 224 255 218 255 94 8
 70 0 214 255 94 8
 70 255 195 255 29 9
 245 255 195 255 29 9
 28 0 248 255 135 8
 28 0 248 255 203 8
 254 255 229 255 203 8
 254 255 235 255 237 8
 227 255 235 255 237 8
 33 0 184 255 149 8
 33 0 184 255 195 8
 231 255 200 255 195 8
 231 0 232 255 87 8
 22 0 232 255 87 8
 241 255 202 255 203 8
 241 255 202 255 191 8
 20 0 179 255 191 8
 28 0 183 255 141 8
 28 0 183 255 141 8
 36 0 184 255 116 8
 36 0 184 255 117 8
 8 0 221 255 117 8
 245 255 184 255 248 8
 245 255 184 255 248 8
 43 0 182 255 128 8
 43 0 185 255 255 8
 211 255 185 255 255 8
 73 0 173 255 87 8
 73 0 173 255 231 8
 217 255 188 255 231 8
 217 255 181 255 196 8
 22 0 181 255 196 8
 39 0 139 255 117 8
 39 0 139 255 223 8
 201 255 172 255 223 8
 201 255 177 255 67 8
 60 0 177 255 67 8
 224 255 171 255 2 9
 224 255 171 255 195 8
 10 0 173 255 195 8
 10 255 159 255 209 8
 245 255 159 255 209 8
 244 255 183 255 143 8
 244 255 183 255 123 8
 8 0 193 255 123 8
 8 0 173 255 177 8
 11 0 173 255 177 8
 15 0 159 255 197 8
 15 0 159 255 181 8
 4 0 161 255 181 8
 4 0 194 255 49 8
 69 0 194 255 49 8
 207 255 198 255 253 8
 207 255 198 255 100 8
 73 0 146 255 100 8
 252 255 159 255 189 8
 252 255 159 255 189 8
 3 0 176 255 135 8
 3 0 173 255 64 8
 72 0 173 255 64 8
 214 255 170 255 10 9
 214 255 170 255 202 8
 22 0 149 255 202 8
 22 0 184 255 195 8
 4 0 184 255 195 8
 216 255 209 255 215 8
 216 255 209 255 176 8
 17 0 198 255 176 8
 17 0 184 255 247 8
 246 255 184 255 247 8
 27 0 185 255 200 8
 27 0 185 255 217 8
 16 0 176 255 217 8
 16 0 209 255 114 8
 16 0 209 255 114 8
 250 255 213 255 203 8
 250 255 213 255 214 8
 31 0 173 255 214 8
 31 0 198 255 215 8
 5 0 198 255 215 8
 13 0 202 255 218 8
 13 0 202 255 146 8
 13 0 242 255 146 8
 13 0 240 255 208 8
 0 0 240 255 208 8
 39 0 193 255 208 8
 39 0 193 255 204 8
 250 255 219 255 204 8
 250 0 233 255 176 8
 18 0 233 255 176 8
 29 0 251 255 102 8
 29 0 251 0 137 8
 22 0 5 0 137 8
 24 0 212 255 197 8
 24 0 212 255 197 8
 5 0 237 255 170 8
 5 0 254 255 179 8
 253 255 254 255 179 8
 17 0 1 0 100 8
 17 0 1 0 100 8
 253 255 16 0 115 8
 253 255 222 255 188 8
 251 255 222 255 188 8
 58 0 231 255 52 8
 58 0 231 255 192 8
 242 255 253 255 192 8
 242 255 8 0 27 8
 77 0 8 0 27 8
 236 255 14 0 208 8
 236 255 14 0 167 8
 15 0 253 255 167 8
 15 0 225 255 130 8
 36 0 225 255 130 8
 237 255 12 0 159 8
 237 255 12 0 46 8
 55 0 11 0 46 8
 55 0 19 0 161 8
 0 0 19 0 161 8
 8 0 255 255 182 8
 8 0 255 255 113 8
 36 0 227 255 113 8
 36 255 28 0 83 8
 254 255 28 0 83 8
 25 0 37 0 45 8
 25 0 37 0 149 8
 249 255 26 0 149 8
 249 255 19 0 175 8
 240 255 19 0 175 8
 2 0 8 0 110 8
 2 0 8 0 10 8
 21 0 32 0 10 8
 21 0 51 0 59 8
 31 0 51 0 59 8
 23 0 5 0 130 8
 23 0 5 0 156 8
 251 255 35 0 156 8
 251 255 51 0 165 8
 221 255 51 0 165 7
 49 0 37 0 255 7
 49 0 37 0 136 8
 233 255 63 0 136 8
 44 0 12 0 95 8
 44 0 12 0 95 8
 54 0 20 0 74 8
 54 0 24 0 157 8
 230 255 24 0 157 8
 87 0 5 0 214 7
 87 0 5 0 214 8
 237 255 10 0 159 8
 237 255 236 255 68 8
 56 0 236 255 68 8
 82 0 211 255 60 8
 82 0 211 255 116 8
 239 255 1 0 116 8
 239 255 10 0 56 8
 46 0 10 0 56 8
 24 0 240 255 102 8
 24 0 240 255 187 8
 250 255 229 255 187 8
 250 255 238 255 126 8
 7 0 238 255 126 8
 21 0 240 255 112 8
 21 0 240 255 66 8
 239 255 14 0 66 8
 239 255 232 255 188 8
 228 255 232 255 188 8
 18 0 208 255 133 8
 18 0 208 255 179 8
 196 255 242 255 179 8
 196 255 4 0 126 8
 235 255 4 0 126 8
 22 0 4 0 56 8
 22 0 4 255 229 8
 182 255 254 255 229 8
 182 255 223 255 179 8
 230 255 223 255 179 8
 254 255 223 255 89 8
 254 255 223 255 122 8
 205 255 238 255 122 8
 205 0 237 255 247 7
 1 0 237 255 247 8
 18 0 214 255 106 8
 18 0 214 255 246 8
 171 255 208 255 246 8
 19 0 200 255 156 8
 19 0 200 255 156 8
 3 0 237 255 59 8
 3 0 237 255 41 8
 243 255 224 255 41 8
 239 255 221 255 112 8
 239 255 221 255 112 8
 227 255 172 255 169 8
 227 255 180 255 199 8
 227 255 180 255 199 8
 212 255 223 255 127 8
 212 255 223 255 27 8
 30 0 218 255 27 8
 30 0 220 255 65 8
 237 255 220 255 65 8
 238 255 182 255 179 8
 238 255 182 255 166 8
 12 0 157 255 166 8
 12 0 185 255 182 8
 191 255 185 255 182 8
 246 255 194 255 95 8
 246 255 194 255 241 7
 20 0 198 255 241 7
 20 0 181 255 250 8
 187 255 181 255 250 8
 230 255 164 255 229 8
 230 255 164 255 146 8
 10 0 190 255 146 8
 10 255 217 255 205 8
 197 255 217 255 205 8
 23 0 201 255 21 8
 23 0 201 255 174 8
 244 255 187 255 174 8
 244 255 197 255 55 9
 161 255 197 255 55 8
 36 0 174 255 183 8
 36 0 174 255 208 8
 203 255 223 255 208 8
 203 255 214 255 150 8
 229 255 214 255 150 8
 19 0 188 255 127 8
 19 0 188 255 33 9
 200 255 166 255 33 9
 200 255 194 255 25 9
 228 255 194 255 25 8
 238 255 207 255 187 8
 238 255 207 255 98 8
 6 0 213 255 98 8
 43 0 200 255 26 8
 43 0 200 255 26 8
 74 0 143 255 110 8
 74 0 169 255 168 8
 36 0 169 255 168 8
 23 0 213 255 146 8
 23 0 213 255 146 8
 72 0 205 255 93 8
 72 0 218 255 242 7
 55 0 218 255 242 7
 58 0 186 255 115 8
 58 0 186 255 101 8
 66 0 144 255 101 8
 66 0 175 255 108 8
 74 0 175 255 108 8
 28 0 211 255 126 8
 28 0 211 255 199 7
 132 0 185 255 199 7
 132 0 192 255 37 8
 69 0 192 255 37 8
 51 0 153 255 143 8
 51 0 153 255 96 8
 107 0 152 255 96 8
 107 0 201 255 100 8
 29 0 201 255 100 8
 68 0 210 255 55 8
 68 0 210 255 3 8
 95 0 199 255 3 8
 95 0 180 255 204 8
 7 0 180 255 204 8
 39 0 165 255 214 8
 39 0 165 255 86 8
 74 0 184 255 86 8
 74 0 216 255 123 8
 33 0 216 255 123 8
 31 0 223 255 67 8
 31 0 223 255 142 8
 78 0 180 255 142 8
 78 0 187 255 182 8
 34 0 187 255 182 8
 22 0 226 255 176 8
 22 0 226 255 117 8
 38 0 245 255 117 8
 76 0 235 255 248 7
 76 0 235 255 248 8
 252 255 235 255 200 8
 252 255 235 255 235 8
 246 255 200 255 235 8
 86 0 194 255 141 8
 86 0 194 255 141 8
 194 255 248 255 253 8
 194 255 224 255 149 8
 1 0 224 255 149 8
 48 0 220 255 102 8
 48 0 220 255 30 9
 223 255 200 255 30 9
 223 255 220 255 251 8
 250 255 220 255 251 8
 2 0 247 255 164 8
 2 0 247 255 92 8
 32 0 0 0 92 8
 32 0 1 0 99 8
 248 255 1 0 99 8
 8 0 223 255 158 8
 8 0 223 255 110 8
 56 0 209 255 110 8
 244 255 227 255 136 8
 244 255 227 255 136 8
 214 255 233 255 176 8
 214 255 233 255 246 7
 63 0 206 255 246 7
 5 0 198 255 180 8
 5 0 198 255 11 9
 222 255 182 255 11 9
 222 255 207 255 120 8
 44 0 207 255 120 8
 44 0 243 255 10 8
 44 0 243 255 8 8
 239 255 235 255 8 8
 239 255 235 255 70 8
 230 255 235 255 70 8
 232 255 195 255 105 8
 232 255 195 255 160 8
 220 255 210 255 160 8
 220 255 1 0 203 8
 143 255 1 0 203 8
 236 255 249 255 29 8
 236 255 249 255 38 8
 247 255 248 255 38 8
 247 255 230 255 252 8
 147 255 230 255 252 8
 187 255 245 255 216 8
 187 255 245 0 99 8
 222 255 3 0 99 8
 222 255 27 0 46 8
 231 255 27 0 46 8
 208 255 40 0 17 8
 208 255 40 0 75 8
 242 255 3 0 75 8
 242 0 251 255 88 8
 1 0 251 255 88 8
 229 255 34 0 108 8
 229 255 34 0 136 8
 185 255 49 0 136 8
 185 0 21 0 210 7
 20 0 21 0 210 8
 8 0 18 0 35 8
 8 0 18 0 239 8
 157 255 21 0 239 8
 227 255 28 0 149 8
 227 255 28 0 149 8
 246 255 66 0 19 8
 246 255 59 0 19 8
 243 255 59 0 19 8
 236 255 60 0 38 8
 236 255 60 0 38 8
 255 255 27 0 40 8
 255 255 22 0 38 8
 39 0 22 0 38 8
 195 255 68 0 121 8
 195 255 68 0 55 8
 242 255 78 0 55 8
 242 255 72 0 180 7
 61 0 72 0 180 7
 237 255 58 0 106 8
 237 255 58 0 115 8
 227 255 56 0 115 8
 227 255 57 0 249 7
 13 0 57 0 249 7
 51 0 73 0 174 7
 51 0 73 0 163 7
 5 0 85 0 163 7
 5 0 51 0 15 8
 9 0 51 0 15 8
 27 0 41 0 2 8
 27 0 41 0 230 7
 23 0 71 0 230 7
 23 255 99 0 82 8
 190 255 99 0 82 7
 3 0 68 0 194 7
 3 0 68 0 215 7
 46 0 48 0 215 7
 46 255 39 0 140 8
 187 255 39 0 140 8
 250 255 45 0 116 8
 250 255 45 0 210 7
